»»»»»»»»»»»»»»»»»»»»»»»»»»»»»»»»»»»» Hysteresis ««««««««««««««««««««««««««««««««««««
»»»  Executed Version:	5.16.2
»»»  Vision Version:	5.16.10 (R)
»»»  Vision Compiled:	4/26/18
»»»  Driver Version:	5.16.6
»»»  Windows Version:	Windows 8
»»»  Processor Information:	x86 (AMD or Intel) - 8 Processors
»»»  Tester Name:	PPM21016-863
»»»  Tester S/N:	PPM21016-863
»»»  Internal Amp Type:	 RTI ML200V    
»»»  Internal Amp S/N:	 iAB2-0000     
»»»  Execution Count:	1
»»»»»»»»»»»»»»»»»»»»»»»»»»»»»»»»»»»»»»»»»»««««««««««««««««««««««««««««««««««««««««««

Stored:	6/5/2018 - 6:9:5
Configured:	06/05/18 05:57:41 AM
Executed:	06/05/18 06:08:26 AM

»»»»»»»»»»»»»»»»»»»»»»»»»»»»»»»»»»» Sample Info ««««««««««««««««««««««««««««««««««««
Sample Name:	Internal Reference Cap.
Lot Name:	N/A
Wafer Name:	N/A
Die Row/Column:	0/0
Capacitor Number:	0
Sample Area (cm2):	6.20e-005
Sample Thickness (µm):	1.00e-001

Mux Loop Adjustment:	Disabled

Amplifier:	Internal

»»»»»»»»»»»»»»»»»»»»»»»»»»»»»»»»»»» Tester Info «««««««««««««««««««««««««««««««««««
Tester Name:	PPM21016-863
Tester Serial Number:	PPM21016-863
Return Signal Amp. Level:	0.21 [Index: 2]

»»»»»»»»»»»»»»»»»»»»»»»»»»»»»»»» Hysteresis Info ««««««««««««««««««««««««««««««««««
Task Name:	Hyst-1
Volts:	3.00
Field:	300.00 (kV/cm)
Hysteresis Period (ms):	4.00e-001
Preset:	Enabled
Preset Delay (ms):	1.00e+003
Profile:	Double Bipolar

»»»»»»»»»»»»»»»»»»»»»»»»»»»»»»»»»»»»»» Data «««««««««««««««««««««««««««««««««««««««
Points:	801

Valid Data

Point	Time (ms)	Field (kV/cm)	Measured Polarization
   1	5.0000e-004	19.897461	-41.309299
   2	1.0000e-003	22.666931	-41.309299
   3	1.5000e-003	25.711060	-41.086808
   4	2.0000e-003	28.854370	-41.092988
   5	2.5000e-003	32.012939	-40.913758
   6	3.0000e-003	34.843445	-40.827234
   7	3.5000e-003	37.925720	-40.672726
   8	4.0000e-003	41.030884	-40.524398
   9	4.5000e-003	43.975830	-40.345168
  10	5.0000e-003	46.958923	-39.986710
  11	5.5000e-003	50.033569	-39.739496
  12	6.0000e-003	53.283691	-39.356316
  13	6.5000e-003	55.900574	-39.121464
  14	7.0000e-003	58.845520	-38.682661
  15	7.5000e-003	61.798096	-38.138792
  16	8.0000e-003	64.933777	-37.594923
  17	8.5000e-003	67.741394	-36.908907
  18	9.0000e-003	70.770264	-36.315596
  19	9.5000e-003	74.020386	-35.567776
  20	1.0000e-002	76.866150	-34.616006
  21	1.0500e-002	79.582214	-33.645695
  22	1.1000e-002	82.603455	-32.483794
  23	1.1500e-002	85.510254	-31.408417
  24	1.2000e-002	88.729858	-30.147630
  25	1.2500e-002	91.674805	-28.701434
  26	1.3000e-002	94.566345	-27.211976
  27	1.3500e-002	97.434998	-25.549468
  28	1.4000e-002	100.425720	-23.683009
  29	1.4500e-002	103.691101	-21.853633
  30	1.5000e-002	106.689453	-19.733781
  31	1.5500e-002	109.329224	-17.700454
  32	1.6000e-002	112.358093	-15.456995
  33	1.6500e-002	115.188599	-12.978685
  34	1.7000e-002	118.049622	-10.630161
  35	1.7500e-002	120.819092	-8.151850
  36	1.8000e-002	124.107361	-5.451048
  37	1.8500e-002	127.006531	-2.787327
  38	1.9000e-002	129.920959	-0.043262
  39	1.9500e-002	133.033752	2.886212
  40	2.0000e-002	136.215210	5.568474
  41	2.0500e-002	138.847351	8.473227
  42	2.1000e-002	142.120361	11.347079
  43	2.1500e-002	144.737244	14.115865
  44	2.2000e-002	148.506165	16.878470
  45	2.2500e-002	151.138306	19.801765
  46	2.3000e-002	154.151917	22.397502
  47	2.3500e-002	157.096863	25.104484
  48	2.4000e-002	160.392761	27.582795
  49	2.4500e-002	163.375854	30.011663
  50	2.5000e-002	166.511536	32.477613
  51	2.5500e-002	169.456482	34.677809
  52	2.6000e-002	172.103882	36.884186
  53	2.6500e-002	175.605774	38.880431
  54	2.7000e-002	178.512573	40.783972
  55	2.7500e-002	181.373596	42.477381
  56	2.8000e-002	184.730530	44.003921
  57	2.8500e-002	187.660217	45.289429
  58	2.9000e-002	190.574646	46.358626
  59	2.9500e-002	193.862915	47.217691
  60	3.0000e-002	196.952820	47.730658
  61	3.0500e-002	199.905396	48.194183
  62	3.1000e-002	203.163147	48.527920
  63	3.1500e-002	206.108093	48.898740
  64	3.2000e-002	209.159851	49.059428
  65	3.2500e-002	212.036133	49.232477
  66	3.3000e-002	215.011597	49.473510
  67	3.3500e-002	217.765808	49.603297
  68	3.4000e-002	220.947266	49.856690
  69	3.4500e-002	224.105835	49.986477
  70	3.5000e-002	226.768494	50.190428
  71	3.5500e-002	229.866028	50.326395
  72	3.6000e-002	233.085632	50.480903
  73	3.6500e-002	235.794067	50.585969
  74	3.7000e-002	239.036560	50.740477
  75	3.7500e-002	241.897583	50.827001
  76	3.8000e-002	244.720459	51.123657
  77	3.8500e-002	247.688293	51.098936
  78	3.9000e-002	250.915527	51.315247
  79	3.9500e-002	253.402710	51.333788
  80	4.0000e-002	257.087708	51.494477
  81	4.0500e-002	259.757996	51.710788
  82	4.1000e-002	262.840271	51.729329
  83	4.1500e-002	265.953064	51.883837
  84	4.2000e-002	268.676758	52.069247
  85	4.2500e-002	271.896362	52.260837
  86	4.3000e-002	275.047302	52.161952
  87	4.3500e-002	277.885437	52.446247
  88	4.4000e-002	281.013489	52.440067
  89	4.4500e-002	283.988953	52.526591
  90	4.5000e-002	286.842346	52.699640
  91	4.5500e-002	290.077209	52.810886
  92	4.6000e-002	292.793274	52.860329
  93	4.6500e-002	295.890808	53.033378
  94	4.7000e-002	298.934937	53.064279
  95	4.7500e-002	301.811218	53.156984
  96	4.8000e-002	304.855347	53.323853
  97	4.8500e-002	307.991028	53.385656
  98	4.9000e-002	310.935974	53.496902
  99	4.9500e-002	313.957214	53.663771
 100	5.0000e-002	316.658020	53.688492
 101	5.0500e-002	319.923401	53.762656
 102	5.1000e-002	316.886902	53.824460
 103	5.1500e-002	313.896179	53.639050
 104	5.2000e-002	310.821533	53.595787
 105	5.2500e-002	307.548523	53.694673
 106	5.3000e-002	305.038452	53.552525
 107	5.3500e-002	301.658630	53.453640
 108	5.4000e-002	299.133301	53.262050
 109	5.4500e-002	295.875549	53.212607
 110	5.5000e-002	292.114258	53.348574
 111	5.5500e-002	289.939880	53.224968
 112	5.6000e-002	286.773682	53.045738
 113	5.6500e-002	283.744812	53.014837
 114	5.7000e-002	280.899048	52.996296
 115	5.7500e-002	277.717590	52.841788
 116	5.8000e-002	274.902344	52.761443
 117	5.8500e-002	271.873474	52.712001
 118	5.9000e-002	268.791199	52.687280
 119	5.9500e-002	265.693665	52.532771
 120	6.0000e-002	262.771606	52.433886
 121	6.0500e-002	259.910583	52.440067
 122	6.1000e-002	256.919861	52.322640
 123	6.1500e-002	253.578186	52.273198
 124	6.2000e-002	250.907898	52.137231
 125	6.2500e-002	247.741699	52.118690
 126	6.3000e-002	244.850159	51.970362
 127	6.3500e-002	241.851807	51.896198
 128	6.4000e-002	239.158630	51.822034
 129	6.4500e-002	236.045837	51.710788
 130	6.5000e-002	232.925415	51.642804
 131	6.5500e-002	229.850769	51.593362
 132	6.6000e-002	226.814270	51.568641
 133	6.6500e-002	223.709106	51.438854
 134	6.7000e-002	220.909119	51.228723
 135	6.7500e-002	217.933655	51.160739
 136	6.8000e-002	214.759827	51.061854
 137	6.8500e-002	211.799622	50.919706
 138	6.9000e-002	209.182739	50.913526
 139	6.9500e-002	205.970764	50.938247
 140	7.0000e-002	203.178406	50.746657
 141	7.0500e-002	199.882507	50.721936
 142	7.1000e-002	196.846008	50.629231
 143	7.1500e-002	193.786621	50.474723
 144	7.2000e-002	190.803528	50.388198
 145	7.2500e-002	187.522888	50.178067
 146	7.3000e-002	184.982300	50.165707
 147	7.3500e-002	181.907654	50.054461
 148	7.4000e-002	178.825378	49.869051
 149	7.4500e-002	176.002502	49.807248
 150	7.5000e-002	172.927856	49.683641
 151	7.5500e-002	169.746399	49.634198
 152	7.6000e-002	166.702271	49.535313
 153	7.6500e-002	163.864136	49.356084
 154	7.7000e-002	160.606384	49.275740
 155	7.7500e-002	158.081055	49.090330
 156	7.8000e-002	154.716492	49.028527
 157	7.8500e-002	151.725769	48.942002
 158	7.9000e-002	149.078369	48.812215
 159	7.9500e-002	146.186829	48.768953
 160	8.0000e-002	142.852783	48.645346
 161	8.0500e-002	139.709473	48.509379
 162	8.1000e-002	136.863708	48.422855
 163	8.1500e-002	133.979797	48.181822
 164	8.2000e-002	130.943298	48.027314
 165	8.2500e-002	127.799988	47.946969
 166	8.3000e-002	124.809265	47.798642
 167	8.3500e-002	121.788025	47.625593
 168	8.4000e-002	118.988037	47.687396
 169	8.4500e-002	115.844727	47.427822
 170	8.5000e-002	112.785339	47.242412
 171	8.5500e-002	109.870911	47.199150
 172	8.6000e-002	106.910706	47.013740
 173	8.6500e-002	103.988647	46.896314
 174	8.7000e-002	100.914001	46.778888
 175	8.7500e-002	97.785950	46.599658
 176	8.8000e-002	94.932556	46.445150
 177	8.8500e-002	91.720581	46.210298
 178	8.9000e-002	88.790894	46.303003
 179	8.9500e-002	85.830688	45.975445
 180	9.0000e-002	82.839966	45.672609
 181	9.0500e-002	79.833984	45.604626
 182	9.1000e-002	76.850891	45.375954
 183	9.1500e-002	73.783875	45.258528
 184	9.2000e-002	70.930481	45.085479
 185	9.2500e-002	67.886353	44.900069
 186	9.3000e-002	64.651489	44.683757
 187	9.3500e-002	61.752319	44.597233
 188	9.4000e-002	58.670044	44.207872
 189	9.4500e-002	55.648804	44.047184
 190	9.5000e-002	52.764893	43.867954
 191	9.5500e-002	49.690247	43.565118
 192	9.6000e-002	47.050476	43.274643
 193	9.6500e-002	44.052124	43.169577
 194	9.7000e-002	40.962219	42.743135
 195	9.7500e-002	38.108826	42.471201
 196	9.8000e-002	34.866333	42.106561
 197	9.8500e-002	32.028198	41.760463
 198	9.9000e-002	28.984070	41.568873
 199	9.9500e-002	26.138306	41.136250
 200	1.0000e-001	23.033142	40.666545
 201	1.0050e-001	20.240784	40.252464
 202	1.0100e-001	16.899109	39.727136
 203	1.0150e-001	14.099121	39.090562
 204	1.0200e-001	11.001587	38.633218
 205	1.0250e-001	8.033752	38.107890
 206	1.0300e-001	4.829407	37.403333
 207	1.0350e-001	2.105713	36.723497
 208	1.0400e-001	-0.640869	36.043662
 209	1.0450e-001	-3.715515	35.314383
 210	1.0500e-001	-6.790161	34.313170
 211	1.0550e-001	-9.925842	33.497367
 212	1.0600e-001	-13.046265	32.489974
 213	1.0650e-001	-15.541077	31.457860
 214	1.0700e-001	-18.768311	30.431925
 215	1.0750e-001	-21.965027	29.344188
 216	1.0800e-001	-24.444580	28.083402
 217	1.0850e-001	-27.702332	26.878238
 218	1.0900e-001	-30.624390	25.518566
 219	1.0950e-001	-33.470154	24.165075
 220	1.1000e-001	-36.643982	22.619993
 221	1.1050e-001	-39.215088	21.013109
 222	1.1100e-001	-42.549133	19.498929
 223	1.1150e-001	-45.402527	17.718995
 224	1.1200e-001	-48.553467	16.031766
 225	1.1250e-001	-51.422119	14.122045
 226	1.1300e-001	-54.519653	12.045455
 227	1.1350e-001	-57.479858	10.005948
 228	1.1400e-001	-60.424805	8.009703
 229	1.1450e-001	-63.385010	5.834228
 230	1.1500e-001	-66.444397	3.627851
 231	1.1550e-001	-69.320679	1.452377
 232	1.1600e-001	-72.189331	-0.970311
 233	1.1650e-001	-75.172424	-3.300294
 234	1.1700e-001	-78.460693	-5.654998
 235	1.1750e-001	-81.199646	-8.158030
 236	1.1800e-001	-84.381104	-10.518915
 237	1.1850e-001	-87.051392	-13.021947
 238	1.1900e-001	-90.522766	-15.481717
 239	1.1950e-001	-93.139648	-18.157798
 240	1.2000e-001	-96.206665	-20.833879
 241	1.2050e-001	-99.227905	-23.627386
 242	1.2100e-001	-102.439880	-26.260205
 243	1.2150e-001	-105.293274	-29.066073
 244	1.2200e-001	-108.207703	-31.927564
 245	1.2250e-001	-111.206055	-34.702531
 246	1.2300e-001	-114.311218	-37.545481
 247	1.2350e-001	-117.248535	-40.271005
 248	1.2400e-001	-120.025635	-42.990348
 249	1.2450e-001	-123.649597	-45.326511
 250	1.2500e-001	-126.609802	-47.168248
 251	1.2550e-001	-130.020142	-48.231264
 252	1.2600e-001	-133.026123	-48.620625
 253	1.2650e-001	-135.993958	-48.942002
 254	1.2700e-001	-138.992310	-49.170674
 255	1.2750e-001	-142.311096	-49.374625
 256	1.2800e-001	-145.187378	-49.535313
 257	1.2850e-001	-147.781372	-49.504412
 258	1.2900e-001	-151.062012	-49.757805
 259	1.2950e-001	-153.862000	-49.875231
 260	1.3000e-001	-156.974792	-49.967936
 261	1.3050e-001	-159.820557	-50.110084
 262	1.3100e-001	-162.948608	-50.165707
 263	1.3150e-001	-166.122437	-50.301674
 264	1.3200e-001	-168.762207	-50.474723
 265	1.3250e-001	-172.058105	-50.653952
 266	1.3300e-001	-175.308228	-50.629231
 267	1.3350e-001	-178.092957	-50.789919
 268	1.3400e-001	-181.159973	-50.919706
 269	1.3450e-001	-183.769226	-50.938247
 270	1.3500e-001	-186.882019	-51.136018
 271	1.3550e-001	-189.964294	-51.098936
 272	1.3600e-001	-193.069458	-51.241083
 273	1.3650e-001	-195.968628	-51.445034
 274	1.3700e-001	-198.837280	-51.562460
 275	1.3750e-001	-202.117920	-51.556280
 276	1.3800e-001	-205.024719	-51.735509
 277	1.3850e-001	-208.206177	-51.871477
 278	1.3900e-001	-210.937500	-51.927099
 279	1.3950e-001	-214.126587	-51.970362
 280	1.4000e-001	-217.269897	-52.124870
 281	1.4050e-001	-220.046997	-52.229935
 282	1.4100e-001	-222.869873	-52.236116
 283	1.4150e-001	-226.013184	-52.545132
 284	1.4200e-001	-229.095459	-52.477148
 285	1.4250e-001	-231.842041	-52.681099
 286	1.4300e-001	-234.809875	-52.619296
 287	1.4350e-001	-237.915039	-52.779984
 288	1.4400e-001	-241.355896	-52.903591
 289	1.4450e-001	-243.820190	-53.076640
 290	1.4500e-001	-247.123718	-53.076640
 291	1.4550e-001	-250.343323	-53.144624
 292	1.4600e-001	-252.838135	-53.206427
 293	1.4650e-001	-255.867004	-53.385656
 294	1.4700e-001	-259.086609	-53.453640
 295	1.4750e-001	-262.321472	-53.490722
 296	1.4800e-001	-265.098572	-53.713214
 297	1.4850e-001	-268.241882	-53.713214
 298	1.4900e-001	-270.980835	-53.855361
 299	1.4950e-001	-274.253845	-53.898623
 300	1.5000e-001	-276.962280	-53.997509
 301	1.5050e-001	-280.097961	-53.910984
 302	1.5100e-001	-276.954651	-54.053132
 303	1.5150e-001	-274.002075	-53.923345
 304	1.5200e-001	-271.034241	-53.985148
 305	1.5250e-001	-268.150330	-53.799738
 306	1.5300e-001	-264.640808	-53.744115
 307	1.5350e-001	-262.062073	-53.756476
 308	1.5400e-001	-258.895874	-53.651410
 309	1.5450e-001	-255.699158	-53.527804
 310	1.5500e-001	-252.906799	-53.552525
 311	1.5550e-001	-250.061035	-53.428919
 312	1.5600e-001	-246.856689	-53.354755
 313	1.5650e-001	-243.774414	-53.249689
 314	1.5700e-001	-241.394043	-53.169345
 315	1.5750e-001	-238.052368	-53.101361
 316	1.5800e-001	-235.031128	-52.996296
 317	1.5850e-001	-231.834412	-52.885050
 318	1.5900e-001	-229.133606	-52.860329
 319	1.5950e-001	-226.043701	-52.810886
 320	1.6000e-001	-223.022461	-52.779984
 321	1.6050e-001	-220.016479	-52.588394
 322	1.6100e-001	-216.835022	-52.631657
 323	1.6150e-001	-213.859558	-52.415345
 324	1.6200e-001	-210.906982	-52.347362
 325	1.6250e-001	-208.061218	-52.297919
 326	1.6300e-001	-204.986572	-52.199034
 327	1.6350e-001	-202.125549	-52.069247
 328	1.6400e-001	-198.974609	-51.908558
 329	1.6450e-001	-195.938110	-51.840575
 330	1.6500e-001	-193.000793	-51.716968
 331	1.6550e-001	-190.002441	-51.698427
 332	1.6600e-001	-186.752319	-51.698427
 333	1.6650e-001	-184.051514	-51.506837
 334	1.6700e-001	-181.243896	-51.432673
 335	1.6750e-001	-178.054810	-51.383231
 336	1.6800e-001	-174.858093	-51.278165
 337	1.6850e-001	-171.852112	-51.123657
 338	1.6900e-001	-168.891907	-51.049493
 339	1.6950e-001	-165.824890	-50.944428
 340	1.7000e-001	-162.963867	-50.894985
 341	1.7050e-001	-159.736633	-50.752838
 342	1.7100e-001	-156.982422	-50.721936
 343	1.7150e-001	-153.930664	-50.585969
 344	1.7200e-001	-150.917053	-50.524165
 345	1.7250e-001	-147.827148	-50.394379
 346	1.7300e-001	-144.989014	-50.128625
 347	1.7350e-001	-141.929626	-50.233690
 348	1.7400e-001	-138.687134	-50.023559
 349	1.7450e-001	-135.925293	-49.967936
 350	1.7500e-001	-133.018494	-49.869051
 351	1.7550e-001	-130.126953	-49.782526
 352	1.7600e-001	-127.067566	-49.615658
 353	1.7650e-001	-124.221802	-49.504412
 354	1.7700e-001	-121.086121	-49.454969
 355	1.7750e-001	-118.019104	-49.294281
 356	1.7800e-001	-115.081787	-49.176854
 357	1.7850e-001	-111.946106	-49.034707
 358	1.7900e-001	-109.115601	-49.090330
 359	1.7950e-001	-105.850220	-48.824576
 360	1.8000e-001	-102.958679	-48.719510
 361	1.8050e-001	-100.257874	-48.558822
 362	1.8100e-001	-97.137451	-48.552641
 363	1.8150e-001	-93.902588	-48.558822
 364	1.8200e-001	-90.972900	-48.336330
 365	1.8250e-001	-88.188171	-48.188002
 366	1.8300e-001	-84.922791	-48.045855
 367	1.8350e-001	-81.932068	-48.033494
 368	1.8400e-001	-78.857422	-47.755379
 369	1.8450e-001	-75.912476	-47.656494
 370	1.8500e-001	-73.272705	-47.551429
 371	1.8550e-001	-70.304871	-47.390740
 372	1.8600e-001	-66.970825	-47.217691
 373	1.8650e-001	-64.079285	-47.149707
 374	1.8700e-001	-61.256409	-47.081724
 375	1.8750e-001	-57.891846	-46.964298
 376	1.8800e-001	-54.748535	-46.766527
 377	1.8850e-001	-52.124023	-46.642921
 378	1.8900e-001	-48.675537	-46.537855
 379	1.8950e-001	-45.745850	-46.445150
 380	1.9000e-001	-42.778015	-46.216478
 381	1.9050e-001	-39.955139	-46.018708
 382	1.9100e-001	-37.025452	-45.888921
 383	1.9150e-001	-34.179688	-45.888921
 384	1.9200e-001	-31.211853	-45.697331
 385	1.9250e-001	-28.076172	-45.536642
 386	1.9300e-001	-25.047302	-45.351233
 387	1.9350e-001	-21.987915	-45.295610
 388	1.9400e-001	-19.042969	-44.986593
 389	1.9450e-001	-15.922546	-44.819724
 390	1.9500e-001	-13.000488	-44.782643
 391	1.9550e-001	-9.971619	-44.603413
 392	1.9600e-001	-7.156372	-44.479807
 393	1.9650e-001	-4.051208	-44.214053
 394	1.9700e-001	-0.968933	-44.189331
 395	1.9750e-001	1.785278	-44.047184
 396	1.9800e-001	5.180359	-43.713446
 397	1.9850e-001	8.056641	-43.552758
 398	1.9900e-001	11.146545	-43.342627
 399	1.9950e-001	14.091492	-43.157217
 400	2.0000e-001	17.066956	-42.897643
 401	2.0050e-001	19.805908	-42.699873
 402	2.0100e-001	23.025513	-42.359955
 403	2.0150e-001	25.718689	-42.088020
 404	2.0200e-001	28.984070	-41.853168
 405	2.0250e-001	31.875610	-41.556512
 406	2.0300e-001	35.095215	-41.296939
 407	2.0350e-001	37.940979	-40.845775
 408	2.0400e-001	40.962219	-40.610922
 409	2.0450e-001	43.853760	-40.172119
 410	2.0500e-001	46.844482	-39.943447
 411	2.0550e-001	50.048828	-39.430480
 412	2.0600e-001	52.986145	-39.115284
 413	2.0650e-001	55.870056	-38.447808
 414	2.0700e-001	58.799744	-38.046087
 415	2.0750e-001	61.561584	-37.329169
 416	2.0800e-001	64.300537	-36.649333
 417	2.0850e-001	67.695618	-35.876793
 418	2.0900e-001	70.617676	-35.141334
 419	2.0950e-001	73.623657	-34.047416
 420	2.1000e-001	76.782227	-32.941138
 421	2.1050e-001	79.521179	-31.711253
 422	2.1100e-001	82.595825	-30.388663
 423	2.1150e-001	85.678101	-29.103155
 424	2.1200e-001	88.363647	-27.533353
 425	2.1250e-001	90.919495	-25.815222
 426	2.1300e-001	94.291687	-24.035288
 427	2.1350e-001	97.427368	-22.026682
 428	2.1400e-001	100.364685	-19.882109
 429	2.1450e-001	103.431702	-17.805519
 430	2.1500e-001	106.216431	-15.568241
 431	2.1550e-001	109.397888	-13.151734
 432	2.1600e-001	112.358093	-10.722866
 433	2.1650e-001	115.364075	-8.164211
 434	2.1700e-001	117.973328	-5.444867
 435	2.1750e-001	121.238708	-2.818229
 436	2.1800e-001	124.191284	-0.055623
 437	2.1850e-001	126.899719	2.880032
 438	2.1900e-001	130.172729	5.630277
 439	2.1950e-001	133.216858	8.522670
 440	2.2000e-001	136.169434	11.445964
 441	2.2050e-001	139.122009	14.288914
 442	2.2100e-001	142.280579	17.144224
 443	2.2150e-001	145.240784	19.882109
 444	2.2200e-001	148.445129	22.570551
 445	2.2250e-001	151.329041	25.141566
 446	2.2300e-001	154.312134	27.626057
 447	2.2350e-001	157.356262	29.949860
 448	2.2400e-001	160.301208	32.323105
 449	2.2450e-001	163.337708	34.640727
 450	2.2500e-001	166.236877	36.816202
 451	2.2550e-001	169.662476	38.738284
 452	2.2600e-001	172.477722	40.685086
 453	2.2650e-001	175.628662	42.390856
 454	2.2700e-001	178.550720	43.769069
 455	2.2750e-001	181.404114	45.060757
 456	2.2800e-001	185.028076	46.105232
 457	2.2850e-001	187.721252	47.013740
 458	2.2900e-001	190.811157	47.637953
 459	2.2950e-001	193.748474	48.095297
 460	2.3000e-001	197.257996	48.447576
 461	2.3050e-001	199.905396	48.657707
 462	2.3100e-001	203.262329	48.911100
 463	2.3150e-001	206.184387	49.170674
 464	2.3200e-001	209.037781	49.294281
 465	2.3250e-001	211.944580	49.609477
 466	2.3300e-001	215.034485	49.763985
 467	2.3350e-001	217.826843	49.850510
 468	2.3400e-001	221.138000	50.023559
 469	2.3450e-001	223.907471	50.233690
 470	2.3500e-001	227.043152	50.462362
 471	2.3550e-001	229.522705	50.653952
 472	2.3600e-001	232.604980	50.647772
 473	2.3650e-001	235.771179	50.870264
 474	2.3700e-001	239.089966	51.024772
 475	2.3750e-001	241.905212	51.092755
 476	2.3800e-001	244.812012	51.296706
 477	2.3850e-001	248.222351	51.271985
 478	2.3900e-001	251.083374	51.339968
 479	2.3950e-001	253.562927	51.574821
 480	2.4000e-001	257.125854	51.686067
 481	2.4050e-001	260.002136	51.871477
 482	2.4100e-001	263.038635	51.982722
 483	2.4150e-001	265.838623	52.032165
 484	2.4200e-001	268.821716	52.100149
 485	2.4250e-001	271.873474	52.254657
 486	2.4300e-001	275.291443	52.365903
 487	2.4350e-001	278.198242	52.489509
 488	2.4400e-001	280.830383	52.619296
 489	2.4450e-001	284.095764	52.724362
 490	2.4500e-001	287.170410	52.786165
 491	2.4550e-001	290.092468	52.990116
 492	2.4600e-001	293.113708	52.959214
 493	2.4650e-001	295.738220	53.045738
 494	2.4700e-001	299.118042	53.169345
 495	2.4750e-001	302.154541	53.237329
 496	2.4800e-001	304.817200	53.280591
 497	2.4850e-001	307.998657	53.466001
 498	2.4900e-001	310.890198	53.663771
 499	2.4950e-001	313.926697	53.694673
 500	2.5000e-001	316.825867	53.787378
 501	2.5050e-001	320.121765	53.818279
 502	2.5100e-001	316.673279	53.910984
 503	2.5150e-001	313.926697	53.843001
 504	2.5200e-001	310.813904	53.750296
 505	2.5250e-001	307.975769	53.768837
 506	2.5300e-001	304.901123	53.608148
 507	2.5350e-001	301.750183	53.527804
 508	2.5400e-001	298.881531	53.404197
 509	2.5450e-001	295.669556	53.466001
 510	2.5500e-001	292.922974	53.398017
 511	2.5550e-001	289.871216	53.280591
 512	2.5600e-001	286.964417	53.330033
 513	2.5650e-001	283.897400	53.095181
 514	2.5700e-001	280.815125	53.064279
 515	2.5750e-001	277.671814	53.045738
 516	2.5800e-001	274.787903	52.897411
 517	2.5850e-001	271.812439	52.866509
 518	2.5900e-001	268.989563	52.693460
 519	2.5950e-001	265.647888	52.730542
 520	2.6000e-001	263.298035	52.495689
 521	2.6050e-001	260.040283	52.501870
 522	2.6100e-001	257.041931	52.433886
 523	2.6150e-001	253.593445	52.316460
 524	2.6200e-001	250.968933	52.291739
 525	2.6250e-001	247.917175	52.199034
 526	2.6300e-001	245.048523	52.186673
 527	2.6350e-001	241.828918	52.013624
 528	2.6400e-001	238.845825	51.920919
 529	2.6450e-001	235.755920	51.890017
 530	2.6500e-001	232.887268	51.809673
 531	2.6550e-001	229.934692	51.716968
 532	2.6600e-001	226.829529	51.550100
 533	2.6650e-001	224.075317	51.593362
 534	2.6700e-001	221.000671	51.327608
 535	2.6750e-001	218.063354	51.271985
 536	2.6800e-001	214.714050	51.327608
 537	2.6850e-001	212.234497	51.117477
 538	2.6900e-001	209.144592	51.074214
 539	2.6950e-001	205.863953	50.944428
 540	2.7000e-001	202.964783	50.839362
 541	2.7050e-001	199.699402	50.765198
 542	2.7100e-001	197.052002	50.678674
 543	2.7150e-001	193.786621	50.573608
 544	2.7200e-001	191.017151	50.511805
 545	2.7250e-001	187.767029	50.524165
 546	2.7300e-001	185.256958	50.196608
 547	2.7350e-001	181.442261	50.140985
 548	2.7400e-001	178.977966	50.122444
 549	2.7450e-001	175.788879	49.875231
 550	2.7500e-001	173.240662	49.831969
 551	2.7550e-001	169.746399	49.801067
 552	2.7600e-001	166.931152	49.634198
 553	2.7650e-001	163.894653	49.430248
 554	2.7700e-001	160.552979	49.374625
 555	2.7750e-001	158.172607	49.294281
 556	2.7800e-001	155.197144	49.220117
 557	2.7850e-001	152.008057	49.034707
 558	2.7900e-001	149.116516	48.880199
 559	2.7950e-001	145.736694	48.830756
 560	2.8000e-001	143.165588	48.793674
 561	2.8050e-001	140.029907	48.676248
 562	2.8100e-001	137.321472	48.447576
 563	2.8150e-001	133.796692	48.422855
 564	2.8200e-001	130.844116	48.200363
 565	2.8250e-001	127.792358	48.163281
 566	2.8300e-001	124.870300	47.934609
 567	2.8350e-001	122.077942	47.854265
 568	2.8400e-001	119.094849	47.823363
 569	2.8450e-001	115.821838	47.662674
 570	2.8500e-001	113.059998	47.434002
 571	2.8550e-001	109.779358	47.359839
 572	2.8600e-001	106.887817	47.131166
 573	2.8650e-001	103.858948	46.951937
 574	2.8700e-001	101.173401	46.908675
 575	2.8750e-001	97.808838	46.785068
 576	2.8800e-001	94.932556	46.636740
 577	2.8850e-001	92.056274	46.364806
 578	2.8900e-001	88.752747	46.284462
 579	2.8950e-001	85.708618	46.061970
 580	2.9000e-001	82.901001	45.932183
 581	2.9050e-001	79.597473	45.814757
 582	2.9100e-001	77.049255	45.542823
 583	2.9150e-001	73.898315	45.456298
 584	2.9200e-001	70.816040	45.301790
 585	2.9250e-001	67.787170	44.974233
 586	2.9300e-001	64.712524	44.850626
 587	2.9350e-001	61.912537	44.665216
 588	2.9400e-001	58.914185	44.498348
 589	2.9450e-001	55.839539	44.152249
 590	2.9500e-001	52.864075	44.158430
 591	2.9550e-001	49.850464	43.664004
 592	2.9600e-001	46.981812	43.490954
 593	2.9650e-001	44.113159	43.268463
 594	2.9700e-001	41.038513	42.953266
 595	2.9750e-001	38.047791	42.656610
 596	2.9800e-001	35.133362	42.372315
 597	2.9850e-001	32.089233	42.149824
 598	2.9900e-001	29.151917	41.717201
 599	2.9950e-001	25.794983	41.395824
 600	3.0000e-001	22.903442	40.975562
 601	3.0050e-001	19.866943	40.530578
 602	3.0100e-001	17.051697	40.073234
 603	3.0150e-001	14.022827	39.399579
 604	3.0200e-001	10.932922	39.090562
 605	3.0250e-001	8.033752	38.453989
 606	3.0300e-001	5.271912	37.737071
 607	3.0350e-001	2.288818	36.995432
 608	3.0400e-001	-0.534058	36.259973
 609	3.0450e-001	-3.997803	35.567776
 610	3.0500e-001	-6.851196	34.714891
 611	3.0550e-001	-9.712219	33.843465
 612	3.0600e-001	-12.741089	32.891695
 613	3.0650e-001	-15.800476	32.063532
 614	3.0700e-001	-18.646240	30.938712
 615	3.0750e-001	-21.881104	29.770631
 616	3.0800e-001	-24.612427	28.590188
 617	3.0850e-001	-27.381897	27.391205
 618	3.0900e-001	-30.815125	25.963550
 619	3.0950e-001	-33.462524	24.504993
 620	3.1000e-001	-36.743164	23.102059
 621	3.1050e-001	-39.573669	21.581699
 622	3.1100e-001	-42.457581	19.974814
 623	3.1150e-001	-45.669556	18.324667
 624	3.1200e-001	-48.469543	16.439667
 625	3.1250e-001	-51.460266	14.597930
 626	3.1300e-001	-54.412842	12.700570
 627	3.1350e-001	-57.304382	10.654882
 628	3.1400e-001	-60.424805	8.584473
 629	3.1450e-001	-63.354492	6.452260
 630	3.1500e-001	-66.215515	4.245884
 631	3.1550e-001	-69.198608	1.990065
 632	3.1600e-001	-72.456360	-0.191590
 633	3.1650e-001	-75.279236	-2.552475
 634	3.1700e-001	-78.140259	-4.981343
 635	3.1750e-001	-81.146240	-7.342227
 636	3.1800e-001	-84.312439	-9.740194
 637	3.1850e-001	-87.257385	-12.218505
 638	3.1900e-001	-90.232849	-14.777160
 639	3.1950e-001	-93.284607	-17.354356
 640	3.2000e-001	-96.267700	-20.110781
 641	3.2050e-001	-99.250793	-22.786862
 642	3.2100e-001	-102.279663	-25.561829
 643	3.2150e-001	-105.285645	-28.361516
 644	3.2200e-001	-108.032227	-31.111761
 645	3.2250e-001	-110.939026	-33.997974
 646	3.2300e-001	-114.685059	-36.735858
 647	3.2350e-001	-117.240906	-39.609710
 648	3.2400e-001	-119.689941	-42.186906
 649	3.2450e-001	-123.107910	-44.646675
 650	3.2500e-001	-126.449585	-46.766527
 651	3.2550e-001	-129.814148	-47.946969
 652	3.2600e-001	-133.110046	-48.602084
 653	3.2650e-001	-136.390686	-48.849297
 654	3.2700e-001	-138.946533	-49.176854
 655	3.2750e-001	-142.127991	-49.176854
 656	3.2800e-001	-145.057678	-49.263379
 657	3.2850e-001	-147.903442	-49.479690
 658	3.2900e-001	-150.848389	-49.603297
 659	3.2950e-001	-154.014587	-49.646559
 660	3.3000e-001	-157.135010	-49.801067
 661	3.3050e-001	-159.927368	-49.918493
 662	3.3100e-001	-163.322449	-50.011198
 663	3.3150e-001	-165.893555	-50.215149
 664	3.3200e-001	-169.013977	-50.233690
 665	3.3250e-001	-172.134399	-50.400559
 666	3.3300e-001	-175.125122	-50.555067
 667	3.3350e-001	-178.009033	-50.647772
 668	3.3400e-001	-181.297302	-50.728116
 669	3.3450e-001	-183.723450	-50.888805
 670	3.3500e-001	-187.072754	-51.006231
 671	3.3550e-001	-189.964294	-51.098936
 672	3.3600e-001	-193.069458	-51.265805
 673	3.3650e-001	-196.228027	-51.364690
 674	3.3700e-001	-199.317932	-51.259624
 675	3.3750e-001	-202.018738	-51.550100
 676	3.3800e-001	-205.131531	-51.550100
 677	3.3850e-001	-208.343506	-51.710788
 678	3.3900e-001	-211.036682	-51.859116
 679	3.3950e-001	-214.317322	-51.896198
 680	3.4000e-001	-216.941833	-51.976542
 681	3.4050e-001	-220.001221	-52.019804
 682	3.4100e-001	-222.991943	-52.217575
 683	3.4150e-001	-226.356506	-52.155772
 684	3.4200e-001	-228.858948	-52.335001
 685	3.4250e-001	-231.964111	-52.508050
 686	3.4300e-001	-235.122681	-52.551312
 687	3.4350e-001	-238.006592	-52.736722
 688	3.4400e-001	-240.776062	-52.773804
 689	3.4450e-001	-244.079590	-52.946853
 690	3.4500e-001	-246.833801	-52.922132
 691	3.4550e-001	-249.870300	-53.058099
 692	3.4600e-001	-252.845764	-53.181706
 693	3.4650e-001	-256.233215	-53.206427
 694	3.4700e-001	-258.964539	-53.280591
 695	3.4750e-001	-262.428284	-53.422738
 696	3.4800e-001	-264.648438	-53.546345
 697	3.4850e-001	-268.119812	-53.490722
 698	3.4900e-001	-271.026611	-53.663771
 699	3.4950e-001	-273.803711	-53.781197
 700	3.5000e-001	-276.954651	-53.805919
 701	3.5050e-001	-279.945374	-53.910984
 702	3.5100e-001	-277.053833	-53.849181
 703	3.5150e-001	-274.078369	-53.830640
 704	3.5200e-001	-271.087646	-53.700853
 705	3.5250e-001	-267.883301	-53.645230
 706	3.5300e-001	-264.793396	-53.669951
 707	3.5350e-001	-262.336731	-53.496902
 708	3.5400e-001	-259.002686	-53.503083
 709	3.5450e-001	-256.011963	-53.398017
 710	3.5500e-001	-253.021240	-53.428919
 711	3.5550e-001	-250.083923	-53.262050
 712	3.5600e-001	-246.910095	-53.194066
 713	3.5650e-001	-244.125366	-53.156984
 714	3.5700e-001	-240.959167	-53.064279
 715	3.5750e-001	-238.059998	-52.983935
 716	3.5800e-001	-235.260010	-52.915952
 717	3.5850e-001	-231.956482	-52.804706
 718	3.5900e-001	-228.805542	-52.773804
 719	3.5950e-001	-226.058960	-52.656378
 720	3.6000e-001	-222.747803	-52.477148
 721	3.6050e-001	-219.940186	-52.440067
 722	3.6100e-001	-217.163086	-52.390624
 723	3.6150e-001	-213.783264	-52.192853
 724	3.6200e-001	-210.960388	-52.149591
 725	3.6250e-001	-207.824707	-52.205214
 726	3.6300e-001	-205.062866	-52.093968
 727	3.6350e-001	-202.140808	-51.982722
 728	3.6400e-001	-198.982239	-51.797313
 729	3.6450e-001	-195.793152	-51.716968
 730	3.6500e-001	-192.810059	-51.667526
 731	3.6550e-001	-190.017700	-51.587182
 732	3.6600e-001	-186.859131	-51.562460
 733	3.6650e-001	-183.967590	-51.513018
 734	3.6700e-001	-181.083679	-51.346149
 735	3.6750e-001	-177.795410	-51.216362
 736	3.6800e-001	-174.690247	-51.092755
 737	3.6850e-001	-171.897888	-51.049493
 738	3.6900e-001	-168.640137	-50.938247
 739	3.6950e-001	-166.046143	-50.919706
 740	3.7000e-001	-162.841797	-50.789919
 741	3.7050e-001	-160.324097	-50.629231
 742	3.7100e-001	-156.822205	-50.493264
 743	3.7150e-001	-154.174805	-50.382018
 744	3.7200e-001	-150.695801	-50.320215
 745	3.7250e-001	-147.880554	-50.258411
 746	3.7300e-001	-145.011902	-50.122444
 747	3.7350e-001	-141.693115	-50.048280
 748	3.7400e-001	-139.289856	-49.893772
 749	3.7450e-001	-135.803223	-49.825789
 750	3.7500e-001	-133.094788	-49.683641
 751	3.7550e-001	-129.814148	-49.621838
 752	3.7600e-001	-126.998901	-49.436428
 753	3.7650e-001	-124.084473	-49.343723
 754	3.7700e-001	-120.834351	-49.312822
 755	3.7750e-001	-118.255615	-49.133592
 756	3.7800e-001	-114.997864	-49.071789
 757	3.7850e-001	-111.877441	-49.040887
 758	3.7900e-001	-109.031677	-48.762773
 759	3.7950e-001	-106.018066	-48.620625
 760	3.8000e-001	-102.813721	-48.589723
 761	3.8050e-001	-99.876404	-48.459937
 762	3.8100e-001	-96.817017	-48.429035
 763	3.8150e-001	-93.864441	-48.354871
 764	3.8200e-001	-90.934753	-48.076756
 765	3.8250e-001	-87.913513	-47.971691
 766	3.8300e-001	-84.854126	-47.872806
 767	3.8350e-001	-81.970215	-47.681215
 768	3.8400e-001	-78.979492	-47.693576
 769	3.8450e-001	-75.988770	-47.526707
 770	3.8500e-001	-73.005676	-47.378379
 771	3.8550e-001	-69.831848	-47.341298
 772	3.8600e-001	-66.780090	-47.155888
 773	3.8650e-001	-63.812256	-47.057003
 774	3.8700e-001	-60.752869	-46.908675
 775	3.8750e-001	-57.991028	-46.692363
 776	3.8800e-001	-54.893494	-46.568757
 777	3.8850e-001	-51.742554	-46.500773
 778	3.8900e-001	-49.270630	-46.476052
 779	3.8950e-001	-45.768738	-46.235019
 780	3.9000e-001	-42.739868	-45.981626
 781	3.9050e-001	-39.886475	-45.913642
 782	3.9100e-001	-36.865234	-45.790036
 783	3.9150e-001	-33.790588	-45.678790
 784	3.9200e-001	-30.853271	-45.579905
 785	3.9250e-001	-28.007507	-45.369774
 786	3.9300e-001	-25.009155	-45.320331
 787	3.9350e-001	-22.056580	-45.017495
 788	3.9400e-001	-18.936157	-44.887708
 789	3.9450e-001	-15.800476	-44.720839
 790	3.9500e-001	-12.542725	-44.535429
 791	3.9550e-001	-9.895325	-44.374741
 792	3.9600e-001	-6.721497	-44.288216
 793	3.9650e-001	-3.890991	-44.133708
 794	3.9700e-001	-0.900269	-43.929758
 795	3.9750e-001	1.708984	-43.701085
 796	3.9800e-001	5.218506	-43.509495
 797	3.9850e-001	7.690430	-43.422971
 798	3.9900e-001	10.749817	-43.151036
 799	3.9950e-001	14.030457	-42.959446
 800	4.0000e-001	17.120361	-42.792578
 801	4.0050e-001	19.996643	-42.563905

Center data before PMax,±Pr and ±Vc Calc.

PMax (µC/cm2):	5.38e+001
Pr (µC/cm2):	3.64e+001
-Pr (µC/cm2):	-4.26e+001
Vc:	1.24e+000
-Vc:	-7.22e-001
C (Max-Eff) (nF):	1.11e+000
K (Eff):	2.03e+003
Vert. (±Pr) Shift (µC/cm2):	-3.08e+000
Horiz. Shift (±Vc):	2.60e-001
Offset (µC/cm2):	4.14e+001

A (Loop Area - µC/cm2·Volts):	1.73e+002



Hysteresis Version: 5.16.2 - Radiant Technologies, Inc., 1999 - 3/20/18

