»»»»»»»»»»»»»»»»»»»»»»»»»»»»»»»»»»»» Hysteresis ««««««««««««««««««««««««««««««««««««			
»»»  Executed Version:	5.16.2		
»»»  Vision Version:	5.16.10 (R)		
»»»  Vision Compiled:	4/26/2018		
»»»  Driver Version:	5.16.6		
»»»  Windows Version:	Windows 8		
»»»  Processor Information:	x86 (AMD or Intel) - 8 Processors		
»»»  Tester Name:	PPM21016-863		
»»»  Tester S/N:	PPM21016-863		
»»»  Internal Amp Type:	 RTI ML200V    		
»»»  Internal Amp S/N:	 iAB2-0000     		
»»»  Execution Count:	1		
»»»»»»»»»»»»»»»»»»»»»»»»»»»»»»»»»»»»»»»»»»««««««««««««««««««««««««««««««««««««««««««			
			
Stored:	8/5/2018 - 16:39:49		
Configured:	8/5/2018 16:37		
Executed:	8/5/2018 16:39		
			
»»»»»»»»»»»»»»»»»»»»»»»»»»»»»»»»»»» Sample Info ««««««««««««««««««««««««««««««««««««			
Sample Name:	Internal Reference Cap.		
Lot Name:	N/A		
Wafer Name:	N/A		
Die Row/Column:	0/0		
Capacitor Number:	0		
Sample Area (cm2):	6.20E-05		
Sample Thickness (µm):	1.00E-01		
			
Mux Loop Adjustment:	Disabled		
			
Amplifier:	Internal		
			
»»»»»»»»»»»»»»»»»»»»»»»»»»»»»»»»»»» Tester Info «««««««««««««««««««««««««««««««««««			
Tester Name:	PPM21016-863		
Tester Serial Number:	PPM21016-863		
Return Signal Amp. Level:	2.0 [Index: 0]		
			
»»»»»»»»»»»»»»»»»»»»»»»»»»»»»»»» Hysteresis Info ««««««««««««««««««««««««««««««««««			
Task Name:	Hyst-1		
Volts:	50		
Field:	5000.00 (kV/cm)		
Hysteresis Period (ms):	4.00E-01		
Preset:	Enabled		
Preset Delay (ms):	1.00E+03		
Profile:	Double Bipolar		
			
»»»»»»»»»»»»»»»»»»»»»»»»»»»»»»»»»»»»»» Data «««««««««««««««««««««««««««««««««««««««			
Points:	801		
			
Valid Data			
			
Point	Time (ms)	Field (kV/cm)	Measured Polarization
1	5.00E-04	1008.247375	-0.560171
2	1.00E-03	1049.743652	-0.542507
3	1.50E-03	1099.250793	-0.406625
4	2.00E-03	1146.354675	-0.311508
5	2.50E-03	1193.778992	-0.245606
6	3.00E-03	1239.761353	-0.165436
7	3.50E-03	1296.157837	-0.085266
8	4.00E-03	1344.863892	-0.003057
9	4.50E-03	1395.492554	0.083907
10	5.00E-03	1442.436218	0.179024
11	5.50E-03	1492.904663	0.234056
12	6.00E-03	1543.85376	0.372655
13	6.50E-03	1593.040466	0.49223
14	7.00E-03	1642.38739	0.606371
15	7.50E-03	1693.016052	0.734779
16	8.00E-03	1742.202759	0.857072
17	8.50E-03	1794.593811	0.990236
18	9.00E-03	1840.255737	1.126117
19	9.50E-03	1892.166138	1.256563
20	1.00E-02	1939.590454	1.408071
21	1.05E-02	1992.301941	1.548708
22	1.10E-02	2042.449951	1.700216
23	1.15E-02	2092.11731	1.850365
24	1.20E-02	2135.696411	2.003911
25	1.25E-02	2193.695068	2.169686
26	1.30E-02	2241.119385	2.321194
27	1.35E-02	2290.786743	2.485611
28	1.40E-02	2338.851929	2.656142
29	1.45E-02	2392.364502	2.776397
30	1.50E-02	2442.03186	2.957799
31	1.55E-02	2491.539001	3.131047
32	1.60E-02	2538.482666	3.294105
33	1.65E-02	2591.35437	3.432704
34	1.70E-02	2638.618469	3.5978
35	1.75E-02	2690.689087	3.744552
36	1.80E-02	2739.074707	3.888586
37	1.85E-02	2788.101196	4.057759
38	1.90E-02	2837.768555	4.23916
39	1.95E-02	2889.518738	4.345827
40	2.00E-02	2937.263489	4.477632
41	2.05E-02	2990.29541	4.618949
42	2.10E-02	3037.719727	4.777251
43	2.15E-02	3088.989258	4.91585
44	2.20E-02	3136.09314	5.059204
45	2.25E-02	3186.882019	5.191689
46	2.30E-02	3238.15155	5.344555
47	2.35E-02	3284.614563	5.494025
48	2.40E-02	3337.005615	5.644174
49	2.45E-02	3388.595581	5.76375
50	2.50E-02	3435.379028	5.910501
51	2.55E-02	3485.366821	6.053177
52	2.60E-02	3536.79657	6.186341
53	2.65E-02	3586.463928	6.305237
54	2.70E-02	3637.413025	6.434324
55	2.75E-02	3686.920166	6.570885
56	2.80E-02	3736.907959	6.693178
57	2.85E-02	3787.055969	6.827701
58	2.90E-02	3836.723328	6.928253
59	2.95E-02	3885.269165	7.060058
60	3.00E-02	3935.256958	7.145663
61	3.05E-02	3983.322144	7.246216
62	3.10E-02	4030.426025	7.337936
63	3.15E-02	4081.214905	7.439847
64	3.20E-02	4134.887695	7.530208
65	3.25E-02	4182.952881	7.621248
66	3.30E-02	4235.183716	7.725198
67	3.35E-02	4283.248901	7.763924
68	3.40E-02	4332.756042	7.842056
69	3.45E-02	4385.787964	7.926302
70	3.50E-02	4433.532715	7.990166
71	3.55E-02	4482.559204	8.078489
72	3.60E-02	4533.187866	8.13556
73	3.65E-02	4587.661743	8.231356
74	3.70E-02	4631.881714	8.218447
75	3.75E-02	4684.432983	8.312885
76	3.80E-02	4731.8573	8.346176
77	3.85E-02	4781.204224	8.419552
78	3.90E-02	4832.954407	8.471866
79	3.95E-02	4881.500244	8.522142
80	4.00E-02	4938.537598	8.579892
81	4.05E-02	4978.111267	8.617939
82	4.10E-02	5029.701233	8.675688
83	4.15E-02	5078.567505	8.716453
84	4.20E-02	5131.118774	8.76537
85	4.25E-02	5179.985046	8.812249
86	4.30E-02	5229.972839	8.863204
87	4.35E-02	5280.601501	8.920954
88	4.40E-02	5327.384949	8.955604
89	4.45E-02	5380.737305	9.010636
90	4.50E-02	5431.20575	9.055477
91	4.55E-02	5479.911804	9.098279
92	4.60E-02	5527.496338	9.140403
93	4.65E-02	5580.047607	9.18864
94	4.70E-02	5627.792358	9.242993
95	4.75E-02	5676.818848	9.309575
96	4.80E-02	5728.248596	9.320445
97	4.85E-02	5779.678345	9.353736
98	4.90E-02	5830.307007	9.397898
99	4.95E-02	5877.090454	9.446136
100	5.00E-02	5927.078247	9.49845
101	5.05E-02	5976.905823	9.560276
102	5.10E-02	5942.459106	9.537176
103	5.15E-02	5894.554138	9.49845
104	5.20E-02	5842.163086	9.484862
105	5.25E-02	5799.064636	9.440021
106	5.30E-02	5747.634888	9.409448
107	5.35E-02	5694.763184	9.388386
108	5.40E-02	5646.217346	9.353057
109	5.45E-02	5598.79303	9.313651
110	5.50E-02	5546.081543	9.298704
111	5.55E-02	5498.977661	9.287834
112	5.60E-02	5450.431824	9.220573
113	5.65E-02	5399.162292	9.18864
114	5.70E-02	5351.577759	9.158067
115	5.75E-02	5301.589966	9.122738
116	5.80E-02	5252.082825	9.099638
117	5.85E-02	5202.896118	9.060912
118	5.90E-02	5152.427673	9.020827
119	5.95E-02	5096.191406	8.992971
120	6.00E-02	5052.772522	8.963757
121	6.05E-02	5002.944946	8.939977
122	6.10E-02	4949.272156	8.892419
123	6.15E-02	4904.251099	8.855731
124	6.20E-02	4850.898743	8.82244
125	6.25E-02	4801.872253	8.795264
126	6.30E-02	4752.845764	8.749743
127	6.35E-02	4704.139709	8.711697
128	6.40E-02	4651.107788	8.683162
129	6.45E-02	4605.125427	8.641038
130	6.50E-02	4555.618286	8.594159
131	6.55E-02	4503.067017	8.566983
132	6.60E-02	4455.322266	8.533013
133	6.65E-02	4407.096863	8.511951
134	6.70E-02	4352.94342	8.45624
135	6.75E-02	4307.762146	8.43246
136	6.80E-02	4254.570007	8.397131
137	6.85E-02	4203.140259	8.370634
138	6.90E-02	4154.11377	8.322396
139	6.95E-02	4105.888367	8.292503
140	7.00E-02	4050.613403	8.259891
141	7.05E-02	4005.271912	8.221165
142	7.10E-02	3955.924988	8.170889
143	7.15E-02	3903.213501	8.132842
144	7.20E-02	3855.308533	8.108383
145	7.25E-02	3807.243347	8.048595
146	7.30E-02	3756.774902	8.03229
147	7.35E-02	3707.107544	7.992205
148	7.40E-02	3661.125183	7.965028
149	7.45E-02	3606.010437	7.918149
150	7.50E-02	3559.867859	7.888255
151	7.55E-02	3507.316589	7.842056
152	7.60E-02	3456.52771	7.777512
153	7.65E-02	3411.506653	7.768
154	7.70E-02	3352.226257	7.727915
155	7.75E-02	3294.2276	7.670166
156	7.80E-02	3257.377625	7.650463
157	7.85E-02	3208.190918	7.603584
158	7.90E-02	3155.799866	7.565537
159	7.95E-02	3109.176636	7.530887
160	8.00E-02	3058.387756	7.479252
161	8.05E-02	3008.720398	7.440526
162	8.10E-02	2962.57782	7.410632
163	8.15E-02	2909.545898	7.361715
164	8.20E-02	2858.757019	7.327745
165	8.25E-02	2811.813354	7.28698
166	8.30E-02	2763.267517	7.238063
167	8.35E-02	2708.953857	7.217681
168	8.40E-02	2660.888672	7.156534
169	8.45E-02	2615.226746	7.112373
170	8.50E-02	2559.310913	7.066852
171	8.55E-02	2510.444641	7.039676
172	8.60E-02	2458.534241	6.977171
173	8.65E-02	2412.712097	6.935727
174	8.70E-02	2361.442566	6.876618
175	8.75E-02	2310.173035	6.82906
176	8.80E-02	2260.986328	6.78354
177	8.85E-02	2212.760925	6.730546
178	8.90E-02	2161.331177	6.701331
179	8.95E-02	2111.343384	6.64494
180	9.00E-02	2061.836243	6.602817
181	9.05E-02	2014.091492	6.548465
182	9.10E-02	1961.380005	6.494792
183	9.15E-02	1913.314819	6.45063
184	9.20E-02	1865.570068	6.405789
185	9.25E-02	1815.422058	6.353475
186	9.30E-02	1766.555786	6.327657
187	9.35E-02	1713.844299	6.269228
188	9.40E-02	1662.895203	6.193135
189	9.45E-02	1612.90741	6.143538
190	9.50E-02	1562.278748	6.106171
191	9.55E-02	1513.893127	6.042986
192	9.60E-02	1461.662292	6.00358
193	9.65E-02	1413.917542	5.944472
194	9.70E-02	1362.808228	5.882646
195	9.75E-02	1316.345215	5.842561
196	9.80E-02	1265.075684	5.795002
197	9.85E-02	1218.132019	5.738612
198	9.90E-02	1166.542053	5.669991
199	9.95E-02	1116.55426	5.620395
200	1.00E-01	1065.284729	5.544301
201	1.01E-01	1021.064758	5.494025
202	1.01E-01	967.552185	5.425405
203	1.02E-01	918.045044	5.364938
204	1.02E-01	867.416382	5.302432
205	1.03E-01	818.229675	5.244003
206	1.03E-01	767.921448	5.163833
207	1.04E-01	719.055176	5.116954
208	1.04E-01	667.144775	5.06464
209	1.05E-01	619.07959	4.978355
210	1.05E-01	565.887451	4.902941
211	1.06E-01	518.302917	4.841115
212	1.06E-01	466.873169	4.762983
213	1.07E-01	419.448853	4.672622
214	1.07E-01	372.505188	4.608078
215	1.08E-01	310.501099	4.524511
216	1.08E-01	269.165039	4.421921
217	1.09E-01	224.464417	4.305742
218	1.09E-01	167.427063	4.224213
219	1.10E-01	120.162964	4.107355
220	1.10E-01	70.014954	3.990497
221	1.11E-01	19.706726	3.879074
222	1.11E-01	-27.71759	3.773087
223	1.12E-01	-77.064514	3.611388
224	1.12E-01	-129.936218	3.48298
225	1.13E-01	-176.719666	3.308373
226	1.13E-01	-228.790283	3.137162
227	1.14E-01	-279.258728	2.948287
228	1.14E-01	-328.445435	2.713891
229	1.15E-01	-375.228882	2.467267
230	1.15E-01	-428.901672	2.183954
231	1.16E-01	-477.127075	1.901321
232	1.16E-01	-525.83313	1.588793
233	1.17E-01	-573.577881	1.28306
234	1.17E-01	-626.609802	0.883569
235	1.18E-01	-676.757813	0.509216
236	1.18E-01	-725.624084	0.107007
237	1.19E-01	-775.611877	-0.29792
238	1.19E-01	-824.317932	-0.715755
239	1.20E-01	-879.91333	-1.098261
240	1.20E-01	-928.459167	-1.50047
241	1.21E-01	-974.601746	-1.875503
242	1.21E-01	-1027.153015	-2.205695
243	1.22E-01	-1073.936462	-2.529093
244	1.22E-01	-1126.968384	-2.855208
245	1.23E-01	-1175.674438	-3.126971
246	1.23E-01	-1225.982666	-3.389901
247	1.24E-01	-1274.208069	-3.648076
248	1.24E-01	-1325.958252	-3.873639
249	1.25E-01	-1372.261047	-4.089011
250	1.25E-01	-1421.447754	-4.279245
251	1.26E-01	-1475.440979	-4.455212
252	1.26E-01	-1510.688782	-4.564596
253	1.27E-01	-1576.698303	-4.763662
254	1.27E-01	-1622.680664	-4.924682
255	1.28E-01	-1674.27063	-5.051052
256	1.28E-01	-1725.059509	-5.218186
257	1.29E-01	-1772.003174	-5.343197
258	1.29E-01	-1824.714661	-5.482475
259	1.30E-01	-1871.97876	-5.604768
260	1.30E-01	-1923.088074	-5.771902
261	1.31E-01	-1972.915649	-5.881966
262	1.31E-01	-2022.262573	-6.047062
263	1.32E-01	-2072.250366	-6.132668
264	1.32E-01	-2119.354248	-6.26787
265	1.33E-01	-2169.181824	-6.377254
266	1.33E-01	-2211.959839	-6.494112
267	1.34E-01	-2269.477844	-6.600779
268	1.34E-01	-2322.029114	-6.716278
269	1.35E-01	-2370.414734	-6.829739
270	1.35E-01	-2420.402527	-6.944559
271	1.36E-01	-2466.86554	-7.05802
272	1.36E-01	-2518.615723	-7.17284
273	1.37E-01	-2570.365906	-7.268636
274	1.37E-01	-2618.431091	-7.377341
275	1.38E-01	-2669.540405	-7.475176
276	1.38E-01	-2722.732544	-7.587957
277	1.39E-01	-2768.074036	-7.695304
278	1.39E-01	-2819.023132	-7.80265
279	1.40E-01	-2869.33136	-7.900485
280	1.40E-01	-2921.24176	-8.007152
281	1.41E-01	-2964.820862	-8.12333
282	1.41E-01	-3017.852783	-8.179721
283	1.42E-01	-3067.840576	-8.271441
284	1.42E-01	-3115.585327	-8.369276
285	1.43E-01	-3166.534424	-8.454201
286	1.43E-01	-3219.726563	-8.558151
287	1.44E-01	-3265.068054	-8.648512
288	1.44E-01	-3315.856934	-8.725964
289	1.45E-01	-3364.242554	-8.814287
290	1.45E-01	-3411.987305	-8.903969
291	1.46E-01	-3464.378357	-8.975986
292	1.46E-01	-3517.089844	-9.052759
293	1.47E-01	-3565.635681	-9.124776
294	1.47E-01	-3616.424561	-9.21174
295	1.48E-01	-3668.334961	-9.274246
296	1.48E-01	-3716.720581	-9.34898
297	1.49E-01	-3762.382507	-9.412845
298	1.49E-01	-3810.768127	-9.504565
299	1.50E-01	-3863.800049	-9.574544
300	1.50E-01	-3916.351318	-9.701593
301	1.51E-01	-3963.294983	-9.719257
302	1.51E-01	-3930.290222	-9.71586
303	1.52E-01	-3885.429382	-9.689363
304	1.52E-01	-3836.402893	-9.641126
305	1.53E-01	-3780.807495	-9.623461
306	1.53E-01	-3734.344482	-9.572505
307	1.54E-01	-3684.677124	-9.543291
308	1.54E-01	-3634.048462	-9.517473
309	1.55E-01	-3577.812195	-9.461083
310	1.55E-01	-3537.918091	-9.473312
311	1.56E-01	-3484.886169	-9.399257
312	1.56E-01	-3436.180115	-9.362569
313	1.57E-01	-3385.71167	-9.321804
314	1.57E-01	-3338.287354	-9.276284
315	1.58E-01	-3285.896301	-9.234161
316	1.58E-01	-3237.831116	-9.18864
317	1.59E-01	-3185.600281	-9.147197
318	1.59E-01	-3138.496399	-9.101676
319	1.60E-01	-3088.829041	-9.075859
320	1.60E-01	-3037.559509	-9.021506
321	1.61E-01	-2988.212585	-8.969871
322	1.61E-01	-2934.860229	-8.935901
323	1.62E-01	-2886.634827	-8.886984
324	1.62E-01	-2840.9729	-8.847578
325	1.63E-01	-2790.344238	-8.81089
326	1.63E-01	-2740.196228	-8.754499
327	1.64E-01	-2690.208435	-8.695391
328	1.64E-01	-2634.292603	-8.674329
329	1.65E-01	-2586.227417	-8.614541
330	1.65E-01	-2541.687012	-8.542524
331	1.66E-01	-2490.898132	-8.505157
332	1.66E-01	-2439.949036	-8.446049
333	1.67E-01	-2389.480591	-8.399169
334	1.67E-01	-2342.376709	-8.358405
335	1.68E-01	-2290.786743	-8.313564
336	1.68E-01	-2242.240906	-8.24902
337	1.69E-01	-2190.65094	-8.201462
338	1.69E-01	-2137.779236	-8.156621
339	1.70E-01	-2089.233398	-8.113818
340	1.70E-01	-2046.455383	-8.057428
341	1.71E-01	-1994.384766	-7.99764
342	1.71E-01	-1942.955017	-7.958234
343	1.72E-01	-1892.486572	-7.903882
344	1.72E-01	-1842.979431	-7.866514
345	1.73E-01	-1792.030334	-7.784306
346	1.73E-01	-1743.804932	-7.7449
347	1.74E-01	-1688.529968	-7.689189
348	1.74E-01	-1642.066956	-7.615134
349	1.75E-01	-1593.040466	-7.566896
350	1.75E-01	-1543.052673	-7.508467
351	1.76E-01	-1495.147705	-7.43645
352	1.76E-01	-1443.397522	-7.400441
353	1.77E-01	-1392.127991	-7.337256
354	1.77E-01	-1344.38324	-7.278148
355	1.78E-01	-1295.036316	-7.201375
356	1.78E-01	-1244.888306	-7.150419
357	1.79E-01	-1195.541382	-7.101502
358	1.79E-01	-1147.636414	-6.948635
359	1.80E-01	-1090.919495	-6.959506
360	1.80E-01	-1046.058655	-6.871862
361	1.81E-01	-993.026733	-6.810036
362	1.81E-01	-946.243286	-6.745493
363	1.82E-01	-896.736145	-6.666002
364	1.82E-01	-846.107483	-6.595344
365	1.83E-01	-794.197083	-6.533518
366	1.83E-01	-740.04364	-6.440439
367	1.84E-01	-694.541931	-6.323581
368	1.84E-01	-645.355225	-6.289611
369	1.85E-01	-595.367432	-6.193135
370	1.85E-01	-546.981812	-6.112285
371	1.86E-01	-494.110107	-6.038909
372	1.86E-01	-447.486877	-5.920013
373	1.87E-01	-397.499084	-5.828973
374	1.87E-01	-348.472595	-5.709397
375	1.88E-01	-297.203064	-5.613601
376	1.88E-01	-250.099182	-5.498781
377	1.89E-01	-198.348999	-5.417931
378	1.89E-01	-152.687073	-5.2705
379	1.90E-01	-100.616455	-5.150924
380	1.90E-01	-48.866272	-5.030669
381	1.91E-01	0.160217	-4.89275
382	1.91E-01	49.507141	-4.760265
383	1.92E-01	102.539063	-4.620987
384	1.92E-01	151.405334	-4.473556
385	1.93E-01	204.917908	-4.316613
386	1.93E-01	253.944397	-4.166464
387	1.94E-01	298.00415	-4.005444
388	1.94E-01	349.433899	-3.823363
389	1.95E-01	399.261475	-3.648076
390	1.95E-01	449.249268	-3.45988
391	1.96E-01	498.11554	-3.290029
392	1.96E-01	548.103333	-3.108627
393	1.97E-01	599.212646	-2.915675
394	1.97E-01	648.399353	-2.735632
395	1.98E-01	696.304321	-2.563742
396	1.98E-01	745.97168	-2.381661
397	1.99E-01	798.042297	-2.191427
398	1.99E-01	847.549438	-2.003232
399	2.00E-01	894.65332	-1.837456
400	2.00E-01	944.641113	-1.676437
401	2.01E-01	996.070862	-1.525608
402	2.01E-01	1045.578003	-1.335375
403	2.02E-01	1096.206665	-1.179111
404	2.02E-01	1149.559021	-1.001106
405	2.03E-01	1198.104858	-0.816987
406	2.03E-01	1247.291565	-0.680426
407	2.04E-01	1293.914795	-0.519407
408	2.04E-01	1342.781067	-0.360425
409	2.05E-01	1394.851685	-0.207559
410	2.05E-01	1442.756653	-0.061486
411	2.06E-01	1494.987488	0.090701
412	2.06E-01	1541.130066	0.245606
413	2.07E-01	1594.802856	0.384884
414	2.07E-01	1641.746521	0.558812
415	2.08E-01	1695.579529	0.661403
416	2.08E-01	1743.965149	0.838049
417	2.09E-01	1793.151855	1.003144
418	2.09E-01	1842.979431	1.156011
419	2.10E-01	1895.210266	1.313633
420	2.10E-01	1942.314148	1.473974
421	2.11E-01	1992.301941	1.637031
422	2.11E-01	2043.251038	1.791257
423	2.12E-01	2099.487305	1.967223
424	2.12E-01	2136.978149	2.090196
425	2.13E-01	2194.976807	2.258009
426	2.13E-01	2240.638733	2.427861
427	2.14E-01	2287.582397	2.587522
428	2.14E-01	2338.691711	2.754656
429	2.15E-01	2392.845154	2.909561
430	2.15E-01	2439.628601	3.05903
431	2.16E-01	2490.097046	3.2085
432	2.16E-01	2538.642883	3.360007
433	2.17E-01	2589.271545	3.516951
434	2.17E-01	2638.298035	3.657588
435	2.18E-01	2688.766479	3.813172
436	2.18E-01	2740.196228	3.955168
437	2.19E-01	2790.82489	4.094446
438	2.19E-01	2838.409424	4.237801
439	2.20E-01	2891.601563	4.368927
440	2.20E-01	2943.031311	4.517717
441	2.21E-01	2987.251282	4.66311
442	2.21E-01	3041.725159	4.792877
443	2.22E-01	3091.552734	4.93827
444	2.22E-01	3137.214661	5.046975
445	2.23E-01	3188.163757	5.202559
446	2.23E-01	3239.91394	5.334364
447	2.24E-01	3288.619995	5.458696
448	2.24E-01	3337.005615	5.597974
449	2.25E-01	3387.794495	5.721626
450	2.25E-01	3438.903809	5.868378
451	2.26E-01	3487.609863	6.013092
452	2.26E-01	3542.564392	6.128591
453	2.27E-01	3589.187622	6.254281
454	2.27E-01	3637.252808	6.391522
455	2.28E-01	3687.88147	6.51993
456	2.28E-01	3736.747742	6.648338
457	2.29E-01	3788.658142	6.775387
458	2.29E-01	3834.80072	6.88613
459	2.30E-01	3885.108948	7.002988
460	2.30E-01	3933.174133	7.111693
461	2.31E-01	3987.007141	7.208169
462	2.31E-01	4035.392761	7.326386
463	2.32E-01	4084.739685	7.418785
464	2.32E-01	4135.20813	7.513223
465	2.33E-01	4186.157227	7.612416
466	2.33E-01	4233.581543	7.693945
467	2.34E-01	4286.453247	7.783627
468	2.34E-01	4334.037781	7.852926
469	2.35E-01	4384.185791	7.920187
470	2.35E-01	4433.853149	8.007152
471	2.36E-01	4482.559204	8.060825
472	2.36E-01	4533.187866	8.131483
473	2.37E-01	4584.617615	8.185836
474	2.37E-01	4634.284973	8.227279
475	2.38E-01	4681.70929	8.297258
476	2.38E-01	4730.895996	8.366558
477	2.39E-01	4781.684875	8.414796
478	2.39E-01	4830.551147	8.481378
479	2.40E-01	4882.621765	8.520104
480	2.40E-01	4935.974121	8.587365
481	2.41E-01	4985.00061	8.634924
482	2.41E-01	5032.104492	8.683841
483	2.42E-01	5083.213806	8.742949
484	2.42E-01	5131.118774	8.791187
485	2.43E-01	5183.670044	8.824478
486	2.43E-01	5231.575012	8.88019
487	2.44E-01	5281.402588	8.918916
488	2.44E-01	5333.79364	8.967833
489	2.45E-01	5381.217957	9.011315
490	2.45E-01	5430.244446	9.062271
491	2.46E-01	5481.834412	9.098279
492	2.46E-01	5527.97699	9.156708
493	2.47E-01	5581.169128	9.204267
494	2.47E-01	5630.67627	9.248428
495	2.48E-01	5677.139282	9.307537
496	2.48E-01	5728.408813	9.351698
497	2.49E-01	5779.998779	9.397218
498	2.49E-01	5830.14679	9.421677
499	2.50E-01	5881.736755	9.478747
500	2.50E-01	5932.365417	9.513397
501	2.51E-01	5978.82843	9.552803
502	2.51E-01	5946.784973	9.5331
503	2.52E-01	5897.277832	9.514076
504	2.52E-01	5845.848083	9.467197
505	2.53E-01	5800.987244	9.450212
506	2.53E-01	5749.717712	9.394501
507	2.54E-01	5697.32666	9.381592
508	2.54E-01	5649.581909	9.353736
509	2.55E-01	5601.356506	9.319766
510	2.55E-01	5547.523499	9.283757
511	2.56E-01	5499.137878	9.249108
512	2.56E-01	5451.713562	9.224649
513	2.57E-01	5400.283813	9.198832
514	2.57E-01	5349.1745	9.170296
515	2.58E-01	5301.750183	9.134967
516	2.58E-01	5250.480652	9.095562
517	2.59E-01	5202.575684	9.064309
518	2.59E-01	5152.267456	9.020147
519	2.60E-01	5102.43988	9.005201
520	2.60E-01	5055.81665	8.955604
521	2.61E-01	5006.629944	8.92503
522	2.61E-01	4954.078674	8.901251
523	2.62E-01	4902.008057	8.859807
524	2.62E-01	4853.622437	8.825158
525	2.63E-01	4802.513123	8.792546
526	2.63E-01	4746.917725	8.759935
527	2.64E-01	4719.360352	8.699467
528	2.64E-01	4651.58844	8.698109
529	2.65E-01	4604.164124	8.666856
530	2.65E-01	4553.215027	8.619297
531	2.66E-01	4502.105713	8.598915
532	2.66E-01	4454.521179	8.543883
533	2.67E-01	4404.373169	8.513989
534	2.67E-01	4354.064941	8.473904
535	2.68E-01	4306.32019	8.430422
536	2.68E-01	4255.851746	8.38762
537	2.69E-01	4207.145691	8.36384
538	2.69E-01	4152.351379	8.324435
539	2.70E-01	4107.009888	8.291144
540	2.70E-01	4054.618835	8.266685
541	2.71E-01	4004.951477	8.218447
542	2.71E-01	3954.322815	8.187874
543	2.72E-01	3906.738281	8.160018
544	2.72E-01	3857.070923	8.12333
545	2.73E-01	3810.768127	8.061504
546	2.73E-01	3758.216858	8.035007
547	2.74E-01	3707.107544	8.007831
548	2.74E-01	3658.241272	7.953478
549	2.75E-01	3607.292175	7.932417
550	2.75E-01	3557.624817	7.880782
551	2.76E-01	3508.43811	7.840017
552	2.76E-01	3459.892273	7.797215
553	2.77E-01	3413.42926	7.752374
554	2.77E-01	3360.877991	7.726556
555	2.78E-01	3309.288025	7.692586
556	2.78E-01	3258.979797	7.656578
557	2.79E-01	3212.516785	7.621248
558	2.79E-01	3156.921387	7.590675
559	2.80E-01	3108.215332	7.543796
560	2.80E-01	3059.509277	7.501673
561	2.81E-01	3010.002136	7.469061
562	2.81E-01	2956.970215	7.409273
563	2.82E-01	2910.827637	7.375982
564	2.82E-01	2856.674194	7.315515
565	2.83E-01	2810.371399	7.301248
566	2.83E-01	2760.223389	7.244177
567	2.84E-01	2709.754944	7.208848
568	2.84E-01	2662.651062	7.153137
569	2.85E-01	2612.663269	7.121884
570	2.85E-01	2561.393738	7.077043
571	2.86E-01	2511.405945	7.048508
572	2.86E-01	2462.219238	6.998232
573	2.87E-01	2412.55188	6.960185
574	2.87E-01	2361.442566	6.918062
575	2.88E-01	2312.736511	6.854198
576	2.88E-01	2262.428284	6.815472
577	2.89E-01	2212.440491	6.767234
578	2.89E-01	2164.054871	6.713561
579	2.90E-01	2111.984253	6.672117
580	2.90E-01	2061.035156	6.615047
581	2.91E-01	2013.61084	6.578359
582	2.91E-01	1959.457397	6.509059
583	2.92E-01	1913.475037	6.477127
584	2.92E-01	1863.647461	6.426171
585	2.93E-01	1816.383362	6.382689
586	2.93E-01	1764.312744	6.315428
587	2.94E-01	1724.258423	6.29029
588	2.94E-01	1665.458679	6.236617
589	2.95E-01	1614.990234	6.181585
590	2.95E-01	1564.041138	6.119079
591	2.96E-01	1515.014648	6.074918
592	2.96E-01	1464.866638	6.027359
593	2.97E-01	1416.320801	5.964854
594	2.97E-01	1364.250183	5.917296
595	2.98E-01	1317.947388	5.873134
596	2.98E-01	1268.119812	5.805193
597	2.99E-01	1216.369629	5.737253
598	2.99E-01	1166.221619	5.685618
599	3.00E-01	1116.394043	5.631945
600	3.00E-01	1065.444946	5.574195
601	3.01E-01	1021.54541	5.504216
602	3.01E-01	969.154358	5.468887
603	3.02E-01	916.923523	5.393473
604	3.02E-01	868.69812	5.325532
605	3.03E-01	820.472717	5.261668
606	3.03E-01	765.518188	5.197804
607	3.04E-01	718.254089	5.143451
608	3.04E-01	670.509338	5.060563
609	3.05E-01	619.880676	5.000775
610	3.05E-01	569.091797	4.924682
611	3.06E-01	521.026611	4.844512
612	3.06E-01	468.154907	4.772495
613	3.07E-01	419.128418	4.698439
614	3.07E-01	373.466492	4.618269
615	3.08E-01	321.395874	4.540137
616	3.08E-01	269.805908	4.458609
617	3.09E-01	225.906372	4.364171
618	3.09E-01	169.99054	4.260901
619	3.10E-01	120.002747	4.156952
620	3.10E-01	69.854736	4.025826
621	3.11E-01	21.148682	3.919159
622	3.11E-01	-28.038025	3.790072
623	3.12E-01	-78.346252	3.663702
624	3.12E-01	-135.223389	3.50608
625	3.13E-01	-179.283142	3.373596
626	3.13E-01	-226.387024	3.199667
627	3.14E-01	-278.457642	3.019625
628	3.14E-01	-328.765869	2.810367
629	3.15E-01	-377.632141	2.565781
630	3.15E-01	-428.581238	2.34837
631	3.16E-01	-476.325989	2.066416
632	3.16E-01	-525.352478	1.760683
633	3.17E-01	-573.738098	1.451553
634	3.17E-01	-625.648499	1.113208
635	3.18E-01	-674.034119	0.763314
636	3.18E-01	-724.822998	0.405946
637	3.19E-01	-773.849487	0.01121
638	3.19E-01	-818.229675	-0.393037
639	3.20E-01	-876.228333	-0.795246
640	3.20E-01	-926.216125	-1.147179
641	3.21E-01	-973.640442	-1.515417
642	3.21E-01	-1026.672363	-1.866671
643	3.22E-01	-1075.698853	-2.197542
644	3.22E-01	-1123.283386	-2.507352
645	3.23E-01	-1175.514221	-2.790664
646	3.23E-01	-1227.264404	-3.066504
647	3.24E-01	-1271.644592	-3.325358
648	3.24E-01	-1325.157166	-3.577418
649	3.25E-01	-1370.658875	-3.801622
650	3.25E-01	-1421.768188	-4.008841
651	3.26E-01	-1473.197937	-4.202472
652	3.26E-01	-1521.903992	-4.381156
653	3.27E-01	-1568.04657	-4.555084
654	3.27E-01	-1623.641968	-4.707951
655	3.28E-01	-1673.789978	-4.88052
656	3.28E-01	-1720.573425	-5.017081
657	3.29E-01	-1771.682739	-5.157039
658	3.29E-01	-1825.035095	-5.296997
659	3.30E-01	-1870.056152	-5.43152
660	3.30E-01	-1923.568726	-5.577592
661	3.31E-01	-1972.915649	-5.699885
662	3.31E-01	-2021.942139	-5.825576
663	3.32E-01	-2074.97406	-5.951266
664	3.32E-01	-2125.282288	-6.070162
665	3.33E-01	-2167.579651	-6.173432
666	3.33E-01	-2220.77179	-6.301161
667	3.34E-01	-2272.041321	-6.417339
668	3.34E-01	-2321.06781	-6.538953
669	3.35E-01	-2371.21582	-6.649017
670	3.35E-01	-2420.562744	-6.778104
671	3.36E-01	-2468.147278	-6.875939
672	3.36E-01	-2520.057678	-6.987362
673	3.37E-01	-2567.802429	-7.096746
674	3.37E-01	-2619.392395	-7.204772
675	3.38E-01	-2674.987793	-7.318912
676	3.38E-01	-2718.566895	-7.408594
677	3.39E-01	-2765.350342	-7.508467
678	3.39E-01	-2820.785522	-7.617172
679	3.40E-01	-2867.408752	-7.718404
680	3.40E-01	-2918.838501	-7.8142
681	3.41E-01	-2964.820862	-7.907279
682	3.41E-01	-3017.852783	-8.004434
683	3.42E-01	-3066.719055	-8.104307
684	3.42E-01	-3119.911194	-8.191271
685	3.43E-01	-3168.617249	-8.28367
686	3.43E-01	-3214.759827	-8.382864
687	3.44E-01	-3266.830444	-8.451484
688	3.44E-01	-3316.65802	-8.546601
689	3.45E-01	-3363.761902	-8.635603
690	3.45E-01	-3416.633606	-8.725285
691	3.46E-01	-3465.98053	-8.803417
692	3.46E-01	-3514.686584	-8.887663
693	3.47E-01	-3567.878723	-8.954924
694	3.47E-01	-3614.021301	-9.027621
695	3.48E-01	-3665.130615	-9.114585
696	3.48E-01	-3715.919495	-9.198152
697	3.49E-01	-3763.504028	-9.270169
698	3.49E-01	-3812.3703	-9.346942
699	3.50E-01	-3864.92157	-9.403333
700	3.50E-01	-3914.588928	-9.490297
701	3.51E-01	-3963.615417	-9.551444
702	3.51E-01	-3930.290222	-9.552803
703	3.52E-01	-3880.783081	-9.531062
704	3.52E-01	-3829.833984	-9.492335
705	3.53E-01	-3780.487061	-9.458365
706	3.53E-01	-3733.383179	-9.422356
707	3.54E-01	-3683.074951	-9.387027
708	3.54E-01	-3635.009766	-9.34966
709	3.55E-01	-3581.336975	-9.313651
710	3.55E-01	-3536.315918	-9.270169
711	3.56E-01	-3484.2453	-9.224649
712	3.56E-01	-3439.865112	-9.18864
713	3.57E-01	-3366.966248	-9.170976
714	3.57E-01	-3336.845398	-9.115264
715	3.58E-01	-3285.255432	-9.061591
716	3.58E-01	-3236.869812	-9.022865
717	3.59E-01	-3184.47876	-8.962398
718	3.59E-01	-3135.932922	-8.929786
719	3.60E-01	-3085.945129	-8.890381
720	3.60E-01	-3036.277771	-8.852334
721	3.61E-01	-2986.610413	-8.797302
722	3.61E-01	-2937.744141	-8.757896
723	3.62E-01	-2887.275696	-8.706941
724	3.62E-01	-2837.44812	-8.654626
725	3.63E-01	-2788.581848	-8.624053
726	3.63E-01	-2740.67688	-8.576495
727	3.64E-01	-2688.446045	-8.525539
728	3.64E-01	-2640.220642	-8.488851
729	3.65E-01	-2587.82959	-8.46711
730	3.65E-01	-2538.002014	-8.393734
731	3.66E-01	-2487.373352	-8.345496
732	3.66E-01	-2440.429688	-8.287747
733	3.67E-01	-2389.640808	-8.24902
734	3.67E-01	-2339.332581	-8.196027
735	3.68E-01	-2291.267395	-8.164095
736	3.68E-01	-2242.721558	-8.105666
737	3.69E-01	-2186.485291	-8.058787
738	3.69E-01	-2141.304016	-8.003755
739	3.70E-01	-2093.719482	-7.95212
740	3.70E-01	-2043.251038	-7.893011
741	3.71E-01	-1992.462158	-7.835262
742	3.71E-01	-1944.236755	-7.781588
743	3.72E-01	-1893.127441	-7.740824
744	3.72E-01	-1843.6203	-7.681716
745	3.73E-01	-1790.428162	-7.615813
746	3.73E-01	-1743.32428	-7.555346
747	3.74E-01	-1691.413879	-7.496917
748	3.74E-01	-1644.790649	-7.431014
749	3.75E-01	-1591.758728	-7.396365
750	3.75E-01	-1546.897888	-7.325027
751	3.76E-01	-1493.545532	-7.258445
752	3.76E-01	-1441.635132	-7.20681
753	3.77E-01	-1390.205383	-7.133434
754	3.77E-01	-1341.499329	-7.081799
755	3.78E-01	-1292.793274	-7.02405
756	3.78E-01	-1247.451782	-6.956109
757	3.79E-01	-1194.580078	-6.892245
758	3.79E-01	-1145.072937	-6.823625
759	3.80E-01	-1095.88623	-6.766554
760	3.80E-01	-1047.50061	-6.681628
761	3.81E-01	-995.109558	-6.621161
762	3.81E-01	-947.044373	-6.550503
763	3.82E-01	-895.294189	-6.477806
764	3.82E-01	-846.908569	-6.396957
765	3.83E-01	-796.279907	-6.309993
766	3.83E-01	-747.573853	-6.225746
767	3.84E-01	-697.58606	-6.14082
768	3.84E-01	-649.360657	-6.068803
769	3.85E-01	-597.290039	-5.983877
770	3.85E-01	-547.302246	-5.884005
771	3.86E-01	-496.994019	-5.811987
772	3.86E-01	-449.729919	-5.701244
773	3.87E-01	-392.372131	-5.589142
774	3.87E-01	-348.152161	-5.516445
775	3.88E-01	-300.40741	-5.402984
776	3.88E-01	-250.579834	-5.311944
777	3.89E-01	-195.625305	-5.181498
778	3.89E-01	-147.880554	-5.055128
779	3.90E-01	-98.213196	-4.936911
780	3.90E-01	-50.788879	-4.82345
781	3.91E-01	0.640869	-4.659034
782	3.91E-01	48.545837	-4.534702
783	3.92E-01	100.776672	-4.410371
784	3.92E-01	148.361206	-4.240519
785	3.93E-01	199.951172	-4.103958
786	3.93E-01	251.220703	-3.935465
787	3.94E-01	305.053711	-3.747269
788	3.94E-01	348.152161	-3.627014
789	3.95E-01	401.985168	-3.408925
790	3.95E-01	447.166443	-3.271005
791	3.96E-01	499.87793	-3.101153
792	3.96E-01	545.700073	-2.917034
793	3.97E-01	597.290039	-2.734274
794	3.97E-01	647.598267	-2.553551
795	3.98E-01	695.823669	-2.369432
796	3.98E-01	745.170593	-2.196863
797	3.99E-01	796.760559	-2.021576
798	3.99E-01	847.229004	-1.835418
799	4.00E-01	896.255493	-1.678475
800	4.00E-01	947.20459	-1.492997
801	4.01E-01	997.032166	-1.344886
			
"Center data before PMax,±Pr and ±Vc Calc."			
			
PMax (µC/cm2):	9.55E+00		
Pr (µC/cm2):	3.86E+00		
-Pr (µC/cm2):	-1.34E+00		
Vc:	1.46E+01		
-Vc:	-7.75E+00		
C (Max-Eff) (nF):	1.18E-02		
K (Eff):	2.16E+01		
Vert. (±Pr) Shift (µC/cm2):	1.26E+00		
Horiz. Shift (±Vc):	3.44E+00		
Offset (µC/cm2):	5.44E-01		
			
A (Loop Area - µC/cm2·Volts):	3.28E+02		
			
			
			
"Hysteresis Version: 5.16.2 - Radiant Technologies, Inc., 1999 - 3/20/18"			
