»»»»»»»»»»»»»»»»»»»»»»»»»»»»»»»»»»»» Hysteresis ««««««««««««««««««««««««««««««««««««
»»»  Executed Version:	5.16.2
»»»  Vision Version:	5.16.10 (R)
»»»  Vision Compiled:	4/26/18
»»»  Driver Version:	5.16.6
»»»  Windows Version:	Windows 8
»»»  Processor Information:	x86 (AMD or Intel) - 8 Processors
»»»  Tester Name:	PPM21016-863
»»»  Tester S/N:	PPM21016-863
»»»  Internal Amp Type:	 RTI ML200V    
»»»  Internal Amp S/N:	 iAB2-0000     
»»»  Execution Count:	1
»»»»»»»»»»»»»»»»»»»»»»»»»»»»»»»»»»»»»»»»»»««««««««««««««««««««««««««««««««««««««««««

Stored:	6/5/2018 - 7:5:10
Configured:	06/05/18 05:57:41 AM
Executed:	06/05/18 07:04:46 AM

»»»»»»»»»»»»»»»»»»»»»»»»»»»»»»»»»»» Sample Info ««««««««««««««««««««««««««««««««««««
Sample Name:	Internal Reference Cap.
Lot Name:	N/A
Wafer Name:	N/A
Die Row/Column:	0/0
Capacitor Number:	0
Sample Area (cm2):	6.20e-005
Sample Thickness (µm):	1.00e-001

Mux Loop Adjustment:	Disabled

Amplifier:	Internal

»»»»»»»»»»»»»»»»»»»»»»»»»»»»»»»»»»» Tester Info «««««««««««««««««««««««««««««««««««
Tester Name:	PPM21016-863
Tester Serial Number:	PPM21016-863
Return Signal Amp. Level:	2.0 [Index: 1]

»»»»»»»»»»»»»»»»»»»»»»»»»»»»»»»» Hysteresis Info ««««««««««««««««««««««««««««««««««
Task Name:	Hyst-1
Volts:	3.00
Field:	300.00 (kV/cm)
Hysteresis Period (ms):	4.00e-001
Preset:	Enabled
Preset Delay (ms):	1.00e+003
Profile:	Double Bipolar

»»»»»»»»»»»»»»»»»»»»»»»»»»»»»»»»»»»»»» Data «««««««««««««««««««««««««««««««««««««««
Points:	801

Valid Data

Point	Time (ms)	Field (kV/cm)	Measured Polarization
   1	5.0000e-004	-19.882202	-10.563760
   2	1.0000e-003	-17.158508	-10.455735
   3	1.5000e-003	-14.259338	-10.272974
   4	2.0000e-003	-11.085510	-9.998494
   5	2.5000e-003	-8.209229	-9.654714
   6	3.0000e-003	-5.073547	-9.218534
   7	3.5000e-003	-2.227783	-8.713735
   8	4.0000e-003	0.679016	-8.052672
   9	4.5000e-003	3.669739	-7.362394
  10	5.0000e-003	6.599426	-6.536235
  11	5.5000e-003	9.552002	-5.637380
  12	6.0000e-003	12.680054	-4.664469
  13	6.5000e-003	15.754700	-3.569944
  14	7.0000e-003	18.638611	-2.446205
  15	7.5000e-003	21.743774	-1.214440
  16	8.0000e-003	24.459839	0.117877
  17	8.5000e-003	27.465820	1.492318
  18	9.0000e-003	30.380249	2.939455
  19	9.5000e-003	33.370972	4.476953
  20	1.0000e-002	36.361694	6.081712
  21	1.0500e-002	39.375305	7.743542
  22	1.1000e-002	42.655945	9.476709
  23	1.1500e-002	45.318604	11.252679
  24	1.2000e-002	48.446655	13.034764
  25	1.2500e-002	51.124573	14.865766
  26	1.3000e-002	54.161072	16.730058
  27	1.3500e-002	57.418823	18.586878
  28	1.4000e-002	60.241699	20.428750
  29	1.4500e-002	62.934875	22.277417
  30	1.5000e-002	66.368103	24.030287
  31	1.5500e-002	69.358826	25.755981
  32	1.6000e-002	72.158813	27.385199
  33	1.6500e-002	75.225830	28.931529
  34	1.7000e-002	78.811646	30.298496
  35	1.7500e-002	81.565857	31.489497
  36	1.8000e-002	85.044861	32.368650
  37	1.8500e-002	87.867737	32.952260
  38	1.9000e-002	90.606689	33.378248
  39	1.9500e-002	93.750000	33.675829
  40	2.0000e-002	96.984863	33.878292
  41	2.0500e-002	99.761963	34.062411
  42	2.1000e-002	102.844238	34.226148
  43	2.1500e-002	105.873108	34.357953
  44	2.2000e-002	108.917236	34.476170
  45	2.2500e-002	111.854553	34.626999
  46	2.3000e-002	114.738464	34.726192
  47	2.3500e-002	117.965698	34.827424
  48	2.4000e-002	120.773315	34.951076
  49	2.4500e-002	123.962402	35.061140
  50	2.5000e-002	126.884460	35.134516
  51	2.5500e-002	129.692078	35.246618
  52	2.6000e-002	132.804871	35.330864
  53	2.6500e-002	135.108948	35.419187
  54	2.7000e-002	138.984680	35.518381
  55	2.7500e-002	141.914368	35.617574
  56	2.8000e-002	144.813538	35.687553
  57	2.8500e-002	147.766113	35.767723
  58	2.9000e-002	150.962830	35.849931
  59	2.9500e-002	153.862000	35.918551
  60	3.0000e-002	156.822205	36.000760
  61	3.0500e-002	160.308838	36.058509
  62	3.1000e-002	162.818909	36.146832
  63	3.1500e-002	165.802002	36.216811
  64	3.2000e-002	168.601990	36.290866
  65	3.2500e-002	172.027588	36.388022
  66	3.3000e-002	174.659729	36.454603
  67	3.3500e-002	177.955627	36.512353
  68	3.4000e-002	181.098938	36.556515
  69	3.4500e-002	183.708191	36.623776
  70	3.5000e-002	186.889648	36.691717
  71	3.5500e-002	189.834595	36.786154
  72	3.6000e-002	192.909241	36.856133
  73	3.6500e-002	195.892334	36.881951
  74	3.7000e-002	198.684692	36.952609
  75	3.7500e-002	201.766968	37.038894
  76	3.8000e-002	205.131531	37.093246
  77	3.8500e-002	207.649231	37.138087
  78	3.9000e-002	210.853577	37.208066
  79	3.9500e-002	213.500977	37.280083
  80	4.0000e-002	216.941833	37.351421
  81	4.0500e-002	220.085144	37.415285
  82	4.1000e-002	222.801208	37.470317
  83	4.1500e-002	225.837708	37.526708
  84	4.2000e-002	229.019165	37.571549
  85	4.2500e-002	231.880188	37.660551
  86	4.3000e-002	234.916687	37.717621
  87	4.3500e-002	238.151550	37.763821
  88	4.4000e-002	241.027832	37.810700
  89	4.4500e-002	243.858337	37.879999
  90	4.5000e-002	247.291565	37.935711
  91	4.5500e-002	249.671936	37.997537
  92	4.6000e-002	252.830505	38.044416
  93	4.6500e-002	255.821228	38.072272
  94	4.7000e-002	258.872986	38.161953
  95	4.7500e-002	261.894226	38.206794
  96	4.8000e-002	265.075684	38.267941
  97	4.8500e-002	268.043518	38.314141
  98	4.9000e-002	270.721436	38.379364
  99	4.9500e-002	274.009705	38.390234
 100	5.0000e-002	276.824951	38.476519
 101	5.0500e-002	279.647827	38.547857
 102	5.1000e-002	276.802063	38.492825
 103	5.1500e-002	273.811340	38.450701
 104	5.2000e-002	270.690918	38.394990
 105	5.2500e-002	267.646790	38.359661
 106	5.3000e-002	264.854431	38.289682
 107	5.3500e-002	261.802673	38.225138
 108	5.4000e-002	258.720398	38.206115
 109	5.4500e-002	255.805969	38.126624
 110	5.5000e-002	252.708435	38.091295
 111	5.5500e-002	250.099182	38.032866
 112	5.6000e-002	246.963501	38.002293
 113	5.6500e-002	243.736267	37.911252
 114	5.7000e-002	240.745544	37.863014
 115	5.7500e-002	237.968445	37.813418
 116	5.8000e-002	234.802246	37.769935
 117	5.8500e-002	231.842041	37.721018
 118	5.9000e-002	229.095459	37.652398
 119	5.9500e-002	225.837708	37.581060
 120	6.0000e-002	222.564697	37.557281
 121	6.0500e-002	219.749451	37.482546
 122	6.1000e-002	216.728210	37.424117
 123	6.1500e-002	213.790894	37.380635
 124	6.2000e-002	210.861206	37.290954
 125	6.2500e-002	207.725525	37.241357
 126	6.3000e-002	204.627991	37.207386
 127	6.3500e-002	201.881409	37.122461
 128	6.4000e-002	198.844910	37.097323
 129	6.4500e-002	195.663452	37.014435
 130	6.5000e-002	192.733765	36.999488
 131	6.5500e-002	189.720154	36.930188
 132	6.6000e-002	187.042236	36.856812
 133	6.6500e-002	183.525085	36.784795
 134	6.7000e-002	180.763245	36.750825
 135	6.7500e-002	177.772522	36.682205
 136	6.8000e-002	174.903870	36.622417
 137	6.8500e-002	171.623230	36.555835
 138	6.9000e-002	168.937683	36.508277
 139	6.9500e-002	165.908813	36.422671
 140	7.0000e-002	162.506104	36.357448
 141	7.0500e-002	159.645081	36.303096
 142	7.1000e-002	157.104492	36.246026
 143	7.1500e-002	153.709412	36.175367
 144	7.2000e-002	150.970459	36.114221
 145	7.2500e-002	147.743225	36.032692
 146	7.3000e-002	144.332886	35.949125
 147	7.3500e-002	141.654968	35.897490
 148	7.4000e-002	138.603210	35.814602
 149	7.4500e-002	135.765076	35.745303
 150	7.5000e-002	133.110046	35.693668
 151	7.5500e-002	129.867554	35.637277
 152	7.6000e-002	126.701355	35.564580
 153	7.6500e-002	123.886108	35.498678
 154	7.7000e-002	120.979309	35.410355
 155	7.7500e-002	117.637634	35.348529
 156	7.8000e-002	114.906311	35.281947
 157	7.8500e-002	111.785889	35.210609
 158	7.9000e-002	108.718872	35.123645
 159	7.9500e-002	105.987549	35.063857
 160	8.0000e-002	102.699280	35.029208
 161	8.0500e-002	100.059509	34.926617
 162	8.1000e-002	96.771240	34.826744
 163	8.1500e-002	93.757629	34.756765
 164	8.2000e-002	91.033936	34.676595
 165	8.2500e-002	87.944031	34.606616
 166	8.3000e-002	84.823608	34.504026
 167	8.3500e-002	81.573486	34.429291
 168	8.4000e-002	78.750610	34.342327
 169	8.4500e-002	75.737000	34.259439
 170	8.5000e-002	72.753906	34.168399
 171	8.5500e-002	69.725037	34.086191
 172	8.6000e-002	66.589355	33.983600
 173	8.6500e-002	63.606262	33.893239
 174	8.7000e-002	60.966492	33.789969
 175	8.7500e-002	57.807922	33.719311
 176	8.8000e-002	54.916382	33.616720
 177	8.8500e-002	51.475525	33.520245
 178	8.9000e-002	48.736572	33.388440
 179	8.9500e-002	45.654297	33.257993
 180	9.0000e-002	43.190002	33.158121
 181	9.0500e-002	40.252686	32.993704
 182	9.1000e-002	36.727905	32.851708
 183	9.1500e-002	33.905029	32.745041
 184	9.2000e-002	30.982971	32.579266
 185	9.2500e-002	27.847290	32.443384
 186	9.3000e-002	24.749756	32.265380
 187	9.3500e-002	21.697998	32.077863
 188	9.4000e-002	18.699646	31.858415
 189	9.4500e-002	15.693665	31.672937
 190	9.5000e-002	12.603760	31.407968
 191	9.5500e-002	9.780884	31.129411
 192	9.6000e-002	6.690979	30.839984
 193	9.6500e-002	3.929138	30.507754
 194	9.7000e-002	0.869751	30.135439
 195	9.7500e-002	-2.052307	29.706053
 196	9.8000e-002	-5.058289	29.255607
 197	9.8500e-002	-8.056641	28.731104
 198	9.9000e-002	-10.971069	28.128470
 199	9.9500e-002	-13.687134	27.425963
 200	1.0000e-001	-17.005920	26.670463
 201	1.0050e-001	-20.034790	25.811692
 202	1.0100e-001	-22.842407	24.842178
 203	1.0150e-001	-25.733948	23.666804
 204	1.0200e-001	-29.029846	22.473766
 205	1.0250e-001	-31.852722	21.107478
 206	1.0300e-001	-34.835815	19.660341
 207	1.0350e-001	-37.376404	18.096346
 208	1.0400e-001	-40.573120	16.401225
 209	1.0450e-001	-43.624878	14.623217
 210	1.0500e-001	-46.623230	12.792215
 211	1.0550e-001	-49.743652	10.872211
 212	1.0600e-001	-52.352905	8.880869
 213	1.0650e-001	-55.534363	6.897680
 214	1.0700e-001	-58.639526	4.866932
 215	1.0750e-001	-61.698914	2.840261
 216	1.0800e-001	-64.399719	0.759237
 217	1.0850e-001	-67.764282	-1.345566
 218	1.0900e-001	-70.434570	-3.436101
 219	1.0950e-001	-73.432922	-5.480437
 220	1.1000e-001	-76.698303	-7.519337
 221	1.1050e-001	-80.299377	-9.488938
 222	1.1100e-001	-83.023071	-11.377690
 223	1.1150e-001	-85.510254	-13.242662
 224	1.1200e-001	-88.706970	-15.003006
 225	1.1250e-001	-91.484070	-16.619995
 226	1.1300e-001	-95.100403	-18.133713
 227	1.1350e-001	-97.709656	-19.540765
 228	1.1400e-001	-100.746155	-20.777966
 229	1.1450e-001	-104.003906	-21.897628
 230	1.1500e-001	-106.826782	-22.866463
 231	1.1550e-001	-110.275269	-23.702133
 232	1.1600e-001	-112.930298	-24.467146
 233	1.1650e-001	-115.997314	-25.138400
 234	1.1700e-001	-119.018555	-25.738316
 235	1.1750e-001	-121.994019	-26.298148
 236	1.1800e-001	-125.343323	-26.775771
 237	1.1850e-001	-127.815247	-27.258829
 238	1.1900e-001	-131.042480	-27.686856
 239	1.1950e-001	-134.254456	-28.086347
 240	1.2000e-001	-136.978149	-28.487197
 241	1.2050e-001	-140.037537	-28.856115
 242	1.2100e-001	-142.990112	-29.231148
 243	1.2150e-001	-145.896912	-29.542316
 244	1.2200e-001	-148.933411	-29.862317
 245	1.2250e-001	-151.985168	-30.183677
 246	1.2300e-001	-155.052185	-30.472425
 247	1.2350e-001	-157.875061	-30.785631
 248	1.2400e-001	-161.224365	-31.055356
 249	1.2450e-001	-164.459229	-31.328477
 250	1.2500e-001	-166.915894	-31.632852
 251	1.2550e-001	-170.196533	-31.846865
 252	1.2600e-001	-173.233032	-32.109116
 253	1.2650e-001	-176.109314	-32.367291
 254	1.2700e-001	-178.970337	-32.606442
 255	1.2750e-001	-182.220459	-32.833364
 256	1.2800e-001	-185.119629	-33.050095
 257	1.2850e-001	-188.041687	-33.264787
 258	1.2900e-001	-191.291809	-33.520924
 259	1.2950e-001	-194.122314	-33.698929
 260	1.3000e-001	-197.029114	-33.897315
 261	1.3050e-001	-200.424194	-34.077358
 262	1.3100e-001	-202.896118	-34.256042
 263	1.3150e-001	-206.115723	-34.445597
 264	1.3200e-001	-208.946228	-34.609334
 265	1.3250e-001	-212.287903	-34.788697
 266	1.3300e-001	-215.530396	-34.955152
 267	1.3350e-001	-218.017578	-35.094431
 268	1.3400e-001	-220.993042	-35.260885
 269	1.3450e-001	-224.395752	-35.405599
 270	1.3500e-001	-227.462769	-35.561183
 271	1.3550e-001	-230.224609	-35.687553
 272	1.3600e-001	-233.230591	-35.866237
 273	1.3650e-001	-236.152649	-36.007554
 274	1.3700e-001	-239.105225	-36.128488
 275	1.3750e-001	-242.248535	-36.297660
 276	1.3800e-001	-245.178223	-36.402289
 277	1.3850e-001	-248.458862	-36.484497
 278	1.3900e-001	-251.098633	-36.604073
 279	1.3950e-001	-253.852844	-36.735878
 280	1.4000e-001	-257.308960	-36.854774
 281	1.4050e-001	-260.353088	-36.941059
 282	1.4100e-001	-263.038635	-37.050443
 283	1.4150e-001	-266.235352	-37.179531
 284	1.4200e-001	-269.264221	-37.290274
 285	1.4250e-001	-272.216797	-37.378597
 286	1.4300e-001	-275.123596	-37.480508
 287	1.4350e-001	-278.083801	-37.588534
 288	1.4400e-001	-280.944824	-37.691804
 289	1.4450e-001	-284.255981	-37.788279
 290	1.4500e-001	-287.200928	-37.879999
 291	1.4550e-001	-290.367126	-37.959490
 292	1.4600e-001	-292.930603	-38.040339
 293	1.4650e-001	-296.516418	-38.127983
 294	1.4700e-001	-299.194336	-38.219703
 295	1.4750e-001	-302.513123	-38.322973
 296	1.4800e-001	-305.488586	-38.409258
 297	1.4850e-001	-308.319092	-38.491466
 298	1.4900e-001	-311.035156	-38.566201
 299	1.4950e-001	-314.254761	-38.681700
 300	1.5000e-001	-317.169189	-38.746243
 301	1.5050e-001	-320.220947	-38.816222
 302	1.5100e-001	-317.024231	-38.794481
 303	1.5150e-001	-314.254761	-38.750999
 304	1.5200e-001	-311.096191	-38.705479
 305	1.5250e-001	-308.029175	-38.618515
 306	1.5300e-001	-305.213928	-38.581827
 307	1.5350e-001	-302.101135	-38.507772
 308	1.5400e-001	-299.285889	-38.460213
 309	1.5450e-001	-295.860291	-38.399746
 310	1.5500e-001	-293.067932	-38.344714
 311	1.5550e-001	-290.077209	-38.255712
 312	1.5600e-001	-287.025452	-38.187771
 313	1.5650e-001	-284.332275	-38.118471
 314	1.5700e-001	-280.815125	-38.066157
 315	1.5750e-001	-278.442383	-37.981910
 316	1.5800e-001	-275.146484	-37.919405
 317	1.5850e-001	-272.094727	-37.848067
 318	1.5900e-001	-269.142151	-37.782165
 319	1.5950e-001	-265.823364	-37.694521
 320	1.6000e-001	-263.366699	-37.614351
 321	1.6050e-001	-260.131836	-37.550487
 322	1.6100e-001	-256.874084	-37.464202
 323	1.6150e-001	-254.547119	-37.374521
 324	1.6200e-001	-251.281738	-37.301824
 325	1.6250e-001	-247.940063	-37.241357
 326	1.6300e-001	-245.185852	-37.150316
 327	1.6350e-001	-242.141724	-37.044329
 328	1.6400e-001	-239.135742	-36.997450
 329	1.6450e-001	-236.190796	-36.911165
 330	1.6500e-001	-232.986450	-36.827598
 331	1.6550e-001	-230.033875	-36.739954
 332	1.6600e-001	-227.127075	-36.652311
 333	1.6650e-001	-223.785400	-36.560591
 334	1.6700e-001	-220.932007	-36.466153
 335	1.6750e-001	-218.444824	-36.352013
 336	1.6800e-001	-215.049744	-36.267767
 337	1.6850e-001	-212.112427	-36.139359
 338	1.6900e-001	-209.342957	-36.078212
 339	1.6950e-001	-206.222534	-35.958636
 340	1.7000e-001	-203.086853	-35.824793
 341	1.7050e-001	-200.164795	-35.715409
 342	1.7100e-001	-196.899414	-35.576130
 343	1.7150e-001	-194.129944	-35.517701
 344	1.7200e-001	-191.017151	-35.406278
 345	1.7250e-001	-188.095093	-35.294176
 346	1.7300e-001	-185.012817	-35.171204
 347	1.7350e-001	-181.884766	-35.052987
 348	1.7400e-001	-179.016113	-34.928655
 349	1.7450e-001	-176.231384	-34.806362
 350	1.7500e-001	-172.904968	-34.675236
 351	1.7550e-001	-170.143127	-34.538676
 352	1.7600e-001	-166.946411	-34.384450
 353	1.7650e-001	-163.955688	-34.247889
 354	1.7700e-001	-161.079407	-34.103855
 355	1.7750e-001	-157.958984	-33.936042
 356	1.7800e-001	-155.090332	-33.777060
 357	1.7850e-001	-152.206421	-33.639141
 358	1.7900e-001	-148.925781	-33.445510
 359	1.7950e-001	-145.927429	-33.289926
 360	1.8000e-001	-143.157959	-33.114639
 361	1.8050e-001	-140.060425	-32.941390
 362	1.8100e-001	-136.993408	-32.749797
 363	1.8150e-001	-134.422302	-32.571792
 364	1.8200e-001	-130.928040	-32.391749
 365	1.8250e-001	-128.135681	-32.166186
 366	1.8300e-001	-125.350952	-31.941303
 367	1.8350e-001	-122.016907	-31.727969
 368	1.8400e-001	-119.064331	-31.524147
 369	1.8450e-001	-116.180420	-31.310813
 370	1.8500e-001	-113.311768	-31.072341
 371	1.8550e-001	-110.496521	-30.831831
 372	1.8600e-001	-107.055664	-30.566862
 373	1.8650e-001	-104.202271	-30.329070
 374	1.8700e-001	-101.158142	-30.083124
 375	1.8750e-001	-98.220825	-29.833103
 376	1.8800e-001	-94.993591	-29.530766
 377	1.8850e-001	-92.308044	-29.248812
 378	1.8900e-001	-88.798523	-28.945797
 379	1.8950e-001	-86.219788	-28.660446
 380	1.9000e-001	-83.305359	-28.339766
 381	1.9050e-001	-79.994202	-28.002101
 382	1.9100e-001	-77.163696	-27.667832
 383	1.9150e-001	-74.302673	-27.358023
 384	1.9200e-001	-71.151733	-27.002693
 385	1.9250e-001	-67.840576	-26.614751
 386	1.9300e-001	-65.277100	-26.239719
 387	1.9350e-001	-62.240601	-25.829357
 388	1.9400e-001	-59.226990	-25.431904
 389	1.9450e-001	-56.098938	-25.015427
 390	1.9500e-001	-53.382874	-24.563622
 391	1.9550e-001	-50.186157	-24.105701
 392	1.9600e-001	-47.370911	-23.615169
 393	1.9650e-001	-44.128418	-23.118523
 394	1.9700e-001	-41.091919	-22.602173
 395	1.9750e-001	-38.337708	-22.015845
 396	1.9800e-001	-35.064697	-21.415929
 397	1.9850e-001	-32.241821	-20.807180
 398	1.9900e-001	-29.235840	-20.147476
 399	1.9950e-001	-26.481628	-19.510192
 400	2.0000e-001	-23.529053	-18.788662
 401	2.0050e-001	-20.240784	-18.018214
 402	2.0100e-001	-17.158508	-17.225346
 403	2.0150e-001	-14.572144	-16.418211
 404	2.0200e-001	-11.314392	-15.553326
 405	2.0250e-001	-8.132935	-14.672135
 406	2.0300e-001	-5.325317	-13.733873
 407	2.0350e-001	-3.036499	-12.763680
 408	2.0400e-001	0.480652	-11.701767
 409	2.0450e-001	3.814697	-10.643930
 410	2.0500e-001	6.439209	-9.525626
 411	2.0550e-001	9.666443	-8.311526
 412	2.0600e-001	12.542725	-7.083158
 413	2.0650e-001	15.258789	-5.775299
 414	2.0700e-001	18.585205	-4.434150
 415	2.0750e-001	21.675110	-3.022342
 416	2.0800e-001	24.543762	-1.546670
 417	2.0850e-001	27.366638	-0.001699
 418	2.0900e-001	30.410767	1.598984
 419	2.0950e-001	33.340454	3.276440
 420	2.1000e-001	36.689758	4.981752
 421	2.1050e-001	39.314270	6.774028
 422	2.1100e-001	42.495728	8.619977
 423	2.1150e-001	45.509338	10.436711
 424	2.1200e-001	48.339844	12.354677
 425	2.1250e-001	51.063538	14.276040
 426	2.1300e-001	54.275513	16.215068
 427	2.1350e-001	57.441711	18.139828
 428	2.1400e-001	60.241699	20.069344
 429	2.1450e-001	63.011169	21.961493
 430	2.1500e-001	66.116333	23.793174
 431	2.1550e-001	69.122314	25.598358
 432	2.1600e-001	72.540283	27.283288
 433	2.1650e-001	75.492859	28.913185
 434	2.1700e-001	78.224182	30.373911
 435	2.1750e-001	81.665039	31.576461
 436	2.1800e-001	84.632874	32.521516
 437	2.1850e-001	87.722778	33.173747
 438	2.1900e-001	90.637207	33.611964
 439	2.1950e-001	93.872070	33.871498
 440	2.2000e-001	96.839905	34.088908
 441	2.2050e-001	99.838257	34.268272
 442	2.2100e-001	102.867126	34.431329
 443	2.2150e-001	105.934143	34.584196
 444	2.2200e-001	108.795166	34.711245
 445	2.2250e-001	111.885071	34.828103
 446	2.2300e-001	114.852905	34.948358
 447	2.2350e-001	117.851257	35.063178
 448	2.2400e-001	120.750427	35.179356
 449	2.2450e-001	123.825073	35.281947
 450	2.2500e-001	126.708984	35.396087
 451	2.2550e-001	129.638672	35.486448
 452	2.2600e-001	132.858276	35.568657
 453	2.2650e-001	135.635376	35.673965
 454	2.2700e-001	138.854980	35.749379
 455	2.2750e-001	141.548157	35.834984
 456	2.2800e-001	144.851685	35.911078
 457	2.2850e-001	147.926331	35.992607
 458	2.2900e-001	150.772095	36.071418
 459	2.2950e-001	153.808594	36.148870
 460	2.3000e-001	156.517029	36.229720
 461	2.3050e-001	159.729004	36.309890
 462	2.3100e-001	163.093567	36.369678
 463	2.3150e-001	166.244507	36.449168
 464	2.3200e-001	168.853760	36.515071
 465	2.3250e-001	171.401978	36.584370
 466	2.3300e-001	174.613953	36.674052
 467	2.3350e-001	177.436829	36.731122
 468	2.3400e-001	180.915833	36.812651
 469	2.3450e-001	183.845520	36.866324
 470	2.3500e-001	187.019348	36.911844
 471	2.3550e-001	189.659119	36.979785
 472	2.3600e-001	192.901611	37.049085
 473	2.3650e-001	195.816040	37.140805
 474	2.3700e-001	198.661804	37.187004
 475	2.3750e-001	201.866150	37.244074
 476	2.3800e-001	204.627991	37.323565
 477	2.3850e-001	208.076477	37.372482
 478	2.3900e-001	210.914612	37.440423
 479	2.3950e-001	213.798523	37.499531
 480	2.4000e-001	216.827393	37.556602
 481	2.4050e-001	219.757080	37.612313
 482	2.4100e-001	222.686768	37.666666
 483	2.4150e-001	225.997925	37.748194
 484	2.4200e-001	228.736877	37.788279
 485	2.4250e-001	231.567383	37.852823
 486	2.4300e-001	234.672546	37.897664
 487	2.4350e-001	237.937927	37.971040
 488	2.4400e-001	240.829468	38.038981
 489	2.4450e-001	243.759155	38.089257
 490	2.4500e-001	246.345520	38.150403
 491	2.4550e-001	249.794006	38.202718
 492	2.4600e-001	252.708435	38.255712
 493	2.4650e-001	255.981445	38.332485
 494	2.4700e-001	258.811951	38.356264
 495	2.4750e-001	261.627197	38.419449
 496	2.4800e-001	264.793396	38.473122
 497	2.4850e-001	267.738342	38.532230
 498	2.4900e-001	270.835876	38.593377
 499	2.4950e-001	273.933411	38.647050
 500	2.5000e-001	276.756287	38.698685
 501	2.5050e-001	279.975891	38.745564
 502	2.5100e-001	276.931763	38.695288
 503	2.5150e-001	273.574829	38.651126
 504	2.5200e-001	270.683289	38.600171
 505	2.5250e-001	267.616272	38.543101
 506	2.5300e-001	264.305115	38.517283
 507	2.5350e-001	261.505127	38.442548
 508	2.5400e-001	258.773804	38.393631
 509	2.5450e-001	256.034851	38.329767
 510	2.5500e-001	252.891541	38.293758
 511	2.5550e-001	249.931335	38.243482
 512	2.5600e-001	246.513367	38.186412
 513	2.5650e-001	243.591309	38.144289
 514	2.5700e-001	240.798950	38.079745
 515	2.5750e-001	237.846375	38.035584
 516	2.5800e-001	234.764099	37.963567
 517	2.5850e-001	231.620789	37.915329
 518	2.5900e-001	228.797913	37.870488
 519	2.5950e-001	225.425720	37.812059
 520	2.6000e-001	222.656250	37.790318
 521	2.6050e-001	219.795227	37.687048
 522	2.6100e-001	216.873169	37.659872
 523	2.6150e-001	213.653564	37.616390
 524	2.6200e-001	210.632324	37.563396
 525	2.6250e-001	207.679749	37.496134
 526	2.6300e-001	205.085754	37.420041
 527	2.6350e-001	201.560974	37.353459
 528	2.6400e-001	198.532104	37.295030
 529	2.6450e-001	195.808411	37.234563
 530	2.6500e-001	192.863464	37.172057
 531	2.6550e-001	189.857483	37.108872
 532	2.6600e-001	186.935425	37.036855
 533	2.6650e-001	183.593750	36.996770
 534	2.6700e-001	180.809021	36.928150
 535	2.6750e-001	177.581787	36.863607
 536	2.6800e-001	174.736023	36.799063
 537	2.6850e-001	171.348572	36.749466
 538	2.6900e-001	168.861389	36.695114
 539	2.6950e-001	165.611267	36.638723
 540	2.7000e-001	162.590027	36.574179
 541	2.7050e-001	159.759521	36.509635
 542	2.7100e-001	156.715393	36.434221
 543	2.7150e-001	153.717041	36.384625
 544	2.7200e-001	150.924683	36.312607
 545	2.7250e-001	147.399902	36.250781
 546	2.7300e-001	144.950867	36.161100
 547	2.7350e-001	141.571045	36.115579
 548	2.7400e-001	138.626099	36.065983
 549	2.7450e-001	135.780334	35.993966
 550	2.7500e-001	132.881165	35.891375
 551	2.7550e-001	129.936218	35.825473
 552	2.7600e-001	126.937866	35.757532
 553	2.7650e-001	123.733521	35.697744
 554	2.7700e-001	120.582581	35.635239
 555	2.7750e-001	117.561340	35.570016
 556	2.7800e-001	114.791870	35.478296
 557	2.7850e-001	111.671448	35.413072
 558	2.7900e-001	108.444214	35.340376
 559	2.7950e-001	105.880737	35.294856
 560	2.8000e-001	102.874756	35.179356
 561	2.8050e-001	99.723816	35.113454
 562	2.8100e-001	96.786499	35.050269
 563	2.8150e-001	93.460083	34.974176
 564	2.8200e-001	90.629578	34.887211
 565	2.8250e-001	87.608337	34.802286
 566	2.8300e-001	84.930420	34.737742
 567	2.8350e-001	81.901550	34.648740
 568	2.8400e-001	78.666687	34.557020
 569	2.8450e-001	75.546265	34.472094
 570	2.8500e-001	72.631836	34.382412
 571	2.8550e-001	69.793701	34.311754
 572	2.8600e-001	66.925049	34.180628
 573	2.8650e-001	63.507080	34.121520
 574	2.8700e-001	60.546875	33.996509
 575	2.8750e-001	57.792664	33.914980
 576	2.8800e-001	54.840088	33.775022
 577	2.8850e-001	51.879883	33.705723
 578	2.8900e-001	49.011230	33.601773
 579	2.8950e-001	45.623779	33.484915
 580	2.9000e-001	42.884827	33.349713
 581	2.9050e-001	39.779663	33.194129
 582	2.9100e-001	36.659241	33.084065
 583	2.9150e-001	33.813477	32.960413
 584	2.9200e-001	31.074524	32.803470
 585	2.9250e-001	27.870178	32.637695
 586	2.9300e-001	24.848938	32.469881
 587	2.9350e-001	21.789551	32.302747
 588	2.9400e-001	19.004822	32.106398
 589	2.9450e-001	16.113281	31.894423
 590	2.9500e-001	12.588501	31.645081
 591	2.9550e-001	9.719849	31.357013
 592	2.9600e-001	6.935120	31.058753
 593	2.9650e-001	3.669739	30.740111
 594	2.9700e-001	0.648499	30.371872
 595	2.9750e-001	-1.754761	29.941808
 596	2.9800e-001	-5.012512	29.496117
 597	2.9850e-001	-8.071899	28.942400
 598	2.9900e-001	-11.207581	28.343842
 599	2.9950e-001	-13.732910	27.678703
 600	3.0000e-001	-16.639709	26.898744
 601	3.0050e-001	-20.172119	26.028423
 602	3.0100e-001	-23.048401	25.065703
 603	3.0150e-001	-25.878906	23.982049
 604	3.0200e-001	-29.205322	22.786972
 605	3.0250e-001	-31.486511	21.402341
 606	3.0300e-001	-34.721375	19.924630
 607	3.0350e-001	-37.483215	18.373544
 608	3.0400e-001	-40.824890	16.702882
 609	3.0450e-001	-43.518066	14.922836
 610	3.0500e-001	-46.745300	13.076207
 611	3.0550e-001	-49.896240	11.146691
 612	3.0600e-001	-52.886963	9.181167
 613	3.0650e-001	-55.671692	7.175557
 614	3.0700e-001	-58.540344	5.113557
 615	3.0750e-001	-61.660767	3.057671
 616	3.0800e-001	-64.422607	0.984121
 617	3.0850e-001	-67.428589	-1.117285
 618	3.0900e-001	-70.396423	-3.211897
 619	3.0950e-001	-73.661804	-5.257591
 620	3.1000e-001	-76.538086	-7.317553
 621	3.1050e-001	-79.696655	-9.323842
 622	3.1100e-001	-82.443237	-11.268305
 623	3.1150e-001	-85.723877	-13.114934
 624	3.1200e-001	-88.752747	-14.891583
 625	3.1250e-001	-91.506958	-16.560207
 626	3.1300e-001	-94.909668	-18.096346
 627	3.1350e-001	-97.610474	-19.527857
 628	3.1400e-001	-100.677490	-20.799027
 629	3.1450e-001	-104.095459	-21.909178
 630	3.1500e-001	-107.025146	-22.919457
 631	3.1550e-001	-109.817505	-23.785701
 632	3.1600e-001	-113.265991	-24.559545
 633	3.1650e-001	-116.119385	-25.224005
 634	3.1700e-001	-118.896484	-25.803539
 635	3.1750e-001	-121.971130	-26.354539
 636	3.1800e-001	-125.030518	-26.868850
 637	3.1850e-001	-127.761841	-27.347832
 638	3.1900e-001	-130.889893	-27.762270
 639	3.1950e-001	-134.262085	-28.176708
 640	3.2000e-001	-137.138367	-28.568047
 641	3.2050e-001	-140.098572	-28.906391
 642	3.2100e-001	-142.974854	-29.256965
 643	3.2150e-001	-146.087646	-29.644907
 644	3.2200e-001	-149.024963	-29.972381
 645	3.2250e-001	-151.947021	-30.273358
 646	3.2300e-001	-155.204773	-30.589283
 647	3.2350e-001	-157.669067	-30.863084
 648	3.2400e-001	-161.048889	-31.168817
 649	3.2450e-001	-163.887024	-31.435144
 650	3.2500e-001	-166.900635	-31.689922
 651	3.2550e-001	-170.303345	-31.941982
 652	3.2600e-001	-172.988892	-32.173660
 653	3.2650e-001	-176.246643	-32.431834
 654	3.2700e-001	-179.115295	-32.658756
 655	3.2750e-001	-182.144165	-32.878884
 656	3.2800e-001	-185.073853	-33.098333
 657	3.2850e-001	-188.240051	-33.308270
 658	3.2900e-001	-191.085815	-33.514809
 659	3.2950e-001	-194.183350	-33.713196
 660	3.3000e-001	-197.029114	-33.905468
 661	3.3050e-001	-200.355530	-34.108611
 662	3.3100e-001	-203.186035	-34.284577
 663	3.3150e-001	-205.963135	-34.495873
 664	3.3200e-001	-209.350586	-34.635151
 665	3.3250e-001	-212.059021	-34.798209
 666	3.3300e-001	-214.874268	-34.957190
 667	3.3350e-001	-218.170166	-35.110057
 668	3.3400e-001	-220.840454	-35.270397
 669	3.3450e-001	-224.288940	-35.423264
 670	3.3500e-001	-227.142334	-35.525854
 671	3.3550e-001	-230.033875	-35.661056
 672	3.3600e-001	-233.283997	-35.822076
 673	3.3650e-001	-236.114502	-35.953201
 674	3.3700e-001	-238.914490	-36.092480
 675	3.3750e-001	-242.462158	-36.216811
 676	3.3800e-001	-245.162964	-36.326196
 677	3.3850e-001	-248.245239	-36.461398
 678	3.3900e-001	-251.235962	-36.566026
 679	3.3950e-001	-254.272461	-36.679487
 680	3.4000e-001	-257.186890	-36.802460
 681	3.4050e-001	-260.238647	-36.928150
 682	3.4100e-001	-263.145447	-37.024626
 683	3.4150e-001	-266.197205	-37.142163
 684	3.4200e-001	-268.791199	-37.223692
 685	3.4250e-001	-272.323608	-37.316092
 686	3.4300e-001	-275.329590	-37.426835
 687	3.4350e-001	-278.160095	-37.545052
 688	3.4400e-001	-280.998230	-37.619107
 689	3.4450e-001	-284.355164	-37.695880
 690	3.4500e-001	-287.231445	-37.808662
 691	3.4550e-001	-290.161133	-37.886794
 692	3.4600e-001	-293.083191	-37.979872
 693	3.4650e-001	-296.005249	-38.077027
 694	3.4700e-001	-299.247742	-38.144968
 695	3.4750e-001	-302.246094	-38.246879
 696	3.4800e-001	-305.076599	-38.325690
 697	3.4850e-001	-308.151245	-38.396349
 698	3.4900e-001	-311.103821	-38.491466
 699	3.4950e-001	-314.208984	-38.571636
 700	3.5000e-001	-317.077637	-38.664035
 701	3.5050e-001	-320.404053	-38.745564
 702	3.5100e-001	-316.856384	-38.721785
 703	3.5150e-001	-314.582825	-38.680341
 704	3.5200e-001	-311.279297	-38.606965
 705	3.5250e-001	-308.013916	-38.549895
 706	3.5300e-001	-305.099487	-38.478557
 707	3.5350e-001	-302.124023	-38.411296
 708	3.5400e-001	-299.072266	-38.364417
 709	3.5450e-001	-296.287537	-38.293079
 710	3.5500e-001	-293.319702	-38.206794
 711	3.5550e-001	-290.367126	-38.166030
 712	3.5600e-001	-287.284851	-38.095371
 713	3.5650e-001	-284.202576	-38.037622
 714	3.5700e-001	-281.311035	-37.966284
 715	3.5750e-001	-278.106689	-37.901740
 716	3.5800e-001	-275.238037	-37.833120
 717	3.5850e-001	-272.460938	-37.794394
 718	3.5900e-001	-269.515991	-37.706751
 719	3.5950e-001	-266.242981	-37.636772
 720	3.6000e-001	-262.809753	-37.563396
 721	3.6050e-001	-260.223389	-37.490020
 722	3.6100e-001	-257.171631	-37.404415
 723	3.6150e-001	-254.333496	-37.350062
 724	3.6200e-001	-251.388550	-37.244074
 725	3.6250e-001	-248.298645	-37.167301
 726	3.6300e-001	-245.201111	-37.102078
 727	3.6350e-001	-242.156982	-37.006961
 728	3.6400e-001	-239.181519	-36.928150
 729	3.6450e-001	-236.122131	-36.842545
 730	3.6500e-001	-233.276367	-36.769848
 731	3.6550e-001	-230.285645	-36.676090
 732	3.6600e-001	-227.287292	-36.626493
 733	3.6650e-001	-223.960876	-36.518468
 734	3.6700e-001	-221.145630	-36.392098
 735	3.6750e-001	-218.292236	-36.325516
 736	3.6800e-001	-214.988708	-36.202543
 737	3.6850e-001	-212.219238	-36.116938
 738	3.6900e-001	-208.953857	-36.020462
 739	3.6950e-001	-206.199646	-35.896131
 740	3.7000e-001	-203.201294	-35.800335
 741	3.7050e-001	-199.760437	-35.748020
 742	3.7100e-001	-197.181702	-35.617574
 743	3.7150e-001	-194.168091	-35.512266
 744	3.7200e-001	-191.146851	-35.351246
 745	3.7250e-001	-188.377380	-35.237106
 746	3.7300e-001	-185.226440	-35.126363
 747	3.7350e-001	-182.235718	-35.005428
 748	3.7400e-001	-179.176331	-34.893326
 749	3.7450e-001	-176.185608	-34.764239
 750	3.7500e-001	-173.202515	-34.625640
 751	3.7550e-001	-170.265198	-34.491117
 752	3.7600e-001	-167.198181	-34.349121
 753	3.7650e-001	-164.054871	-34.243813
 754	3.7700e-001	-161.354065	-34.050182
 755	3.7750e-001	-158.126831	-33.919736
 756	3.7800e-001	-155.189514	-33.771625
 757	3.7850e-001	-151.832581	-33.608567
 758	3.7900e-001	-148.773193	-33.442113
 759	3.7950e-001	-145.973206	-33.290605
 760	3.8000e-001	-143.226624	-33.105806
 761	3.8050e-001	-139.991760	-32.906061
 762	3.8100e-001	-137.077332	-32.732132
 763	3.8150e-001	-134.262085	-32.535784
 764	3.8200e-001	-131.065369	-32.365932
 765	3.8250e-001	-128.067017	-32.166866
 766	3.8300e-001	-125.328064	-31.941303
 767	3.8350e-001	-121.971130	-31.750389
 768	3.8400e-001	-119.377136	-31.530941
 769	3.8450e-001	-115.959167	-31.301981
 770	3.8500e-001	-113.388062	-31.050600
 771	3.8550e-001	-110.137939	-30.825037
 772	3.8600e-001	-107.337952	-30.630726
 773	3.8650e-001	-104.438782	-30.369834
 774	3.8700e-001	-101.119995	-30.106224
 775	3.8750e-001	-98.411560	-29.819514
 776	3.8800e-001	-95.008850	-29.536202
 777	3.8850e-001	-92.247009	-29.280745
 778	3.8900e-001	-89.141846	-28.975011
 779	3.8950e-001	-86.303711	-28.684225
 780	3.9000e-001	-83.137512	-28.356751
 781	3.9050e-001	-80.276489	-28.031315
 782	3.9100e-001	-77.293396	-27.695688
 783	3.9150e-001	-74.211121	-27.371611
 784	3.9200e-001	-71.105957	-27.005410
 785	3.9250e-001	-68.199158	-26.629698
 786	3.9300e-001	-65.414429	-26.271651
 787	3.9350e-001	-62.156677	-25.859930
 788	3.9400e-001	-59.173584	-25.454324
 789	3.9450e-001	-56.259155	-25.020863
 790	3.9500e-001	-53.344727	-24.588760
 791	3.9550e-001	-49.980164	-24.132878
 792	3.9600e-001	-47.248840	-23.647101
 793	3.9650e-001	-44.235229	-23.115805
 794	3.9700e-001	-41.099548	-22.569562
 795	3.9750e-001	-38.246155	-22.049816
 796	3.9800e-001	-35.301208	-21.468923
 797	3.9850e-001	-32.157898	-20.857456
 798	3.9900e-001	-29.197693	-20.233081
 799	3.9950e-001	-26.336670	-19.537368
 800	4.0000e-001	-23.254395	-18.785944
 801	4.0050e-001	-20.187378	-18.054902

Center data before PMax,±Pr and ±Vc Calc.

PMax (µC/cm2):	3.87e+001
Pr (µC/cm2):	3.03e+001
-Pr (µC/cm2):	-1.81e+001
Vc:	2.74e-001
-Vc:	-6.58e-001
C (Max-Eff) (nF):	8.01e-001
K (Eff):	1.46e+003
Vert. (±Pr) Shift (µC/cm2):	6.10e+000
Horiz. Shift (±Vc):	-1.92e-001
Offset (µC/cm2):	1.05e+001

A (Loop Area - µC/cm2·Volts):	5.66e+001



Hysteresis Version: 5.16.2 - Radiant Technologies, Inc., 1999 - 3/20/18

