»»»»»»»»»»»»»»»»»»»»»»»»»»»»»»»»»»»» Hysteresis ««««««««««««««««««««««««««««««««««««
»»»  Executed Version:	5.16.2
»»»  Vision Version:	5.16.10 (R)
»»»  Vision Compiled:	4/26/18
»»»  Driver Version:	5.16.6
»»»  Windows Version:	Windows 8
»»»  Processor Information:	x86 (AMD or Intel) - 8 Processors
»»»  Tester Name:	PPM21016-863
»»»  Tester S/N:	PPM21016-863
»»»  Internal Amp Type:	 RTI ML200V    
»»»  Internal Amp S/N:	 iAB2-0000     
»»»  Execution Count:	1
»»»»»»»»»»»»»»»»»»»»»»»»»»»»»»»»»»»»»»»»»»««««««««««««««««««««««««««««««««««««««««««

Stored:	8/30/2018 - 11:50:54
Configured:	08/30/18 11:44:12 AM
Executed:	08/30/18 11:49:58 AM

»»»»»»»»»»»»»»»»»»»»»»»»»»»»»»»»»»» Sample Info ««««««««««««««««««««««««««««««««««««
Sample Name:	Internal Reference Cap.
Lot Name:	N/A
Wafer Name:	N/A
Die Row/Column:	0/0
Capacitor Number:	0
Sample Area (cm2):	7.85e-005
Sample Thickness (µm):	1.00e-001

Mux Loop Adjustment:	Disabled

Amplifier:	Internal

»»»»»»»»»»»»»»»»»»»»»»»»»»»»»»»»»»» Tester Info «««««««««««««««««««««««««««««««««««
Tester Name:	PPM21016-863
Tester Serial Number:	PPM21016-863
Return Signal Amp. Level:	0.21 [Index: 2]

»»»»»»»»»»»»»»»»»»»»»»»»»»»»»»»» Hysteresis Info ««««««««««««««««««««««««««««««««««
Task Name:	Hyst-1
Volts:	2.50
Field:	250.00 (kV/cm)
Hysteresis Period (ms):	2.00e-001
Preset:	Enabled
Preset Delay (ms):	1.00e+003
Profile:	Double Bipolar

»»»»»»»»»»»»»»»»»»»»»»»»»»»»»»»»»»»»»» Data «««««««««««««««««««««««««««««««««««««««
Points:	401

Valid Data

Point	Time (ms)	Field (kV/cm)	Measured Polarization
   1	5.0000e-004	20.210266	-32.482455
   2	1.0000e-003	24.925232	-32.350661
   3	1.5000e-003	30.136108	-32.165172
   4	2.0000e-003	34.942627	-32.043140
   5	2.5000e-003	40.184021	-31.740501
   6	3.0000e-003	44.944763	-31.462268
   7	3.5000e-003	49.972534	-31.193798
   8	4.0000e-003	54.832458	-30.681264
   9	4.5000e-003	59.875488	-30.207780
  10	5.0000e-003	64.552307	-29.529283
  11	5.5000e-003	70.075989	-28.762923
  12	6.0000e-003	74.432373	-27.732973
  13	6.5000e-003	79.719543	-26.610280
  14	7.0000e-003	84.808350	-25.321622
  15	7.5000e-003	89.355469	-23.661988
  16	8.0000e-003	94.558716	-21.880322
  17	8.5000e-003	99.258423	-19.815542
  18	9.0000e-003	104.202271	-17.516461
  19	9.5000e-003	109.054565	-14.939147
  20	1.0000e-002	113.853455	-12.000619
  21	1.0500e-002	118.530273	-9.057209
  22	1.1000e-002	124.183655	-5.767228
  23	1.1500e-002	128.509521	-2.120915
  24	1.2000e-002	133.621216	1.310623
  25	1.2500e-002	138.519287	5.240050
  26	1.3000e-002	143.547058	9.120665
  27	1.3500e-002	148.666382	13.084262
  28	1.4000e-002	153.884888	16.959996
  29	1.4500e-002	158.706665	20.928474
  30	1.5000e-002	163.780212	24.511331
  31	1.5500e-002	168.914795	27.874530
  32	1.6000e-002	174.308777	30.759365
  33	1.6500e-002	179.771423	33.024277
  34	1.7000e-002	183.959961	34.713199
  35	1.7500e-002	189.643860	35.845655
  36	1.8000e-002	195.114136	36.470458
  37	1.8500e-002	199.829102	36.987874
  38	1.9000e-002	204.948425	37.373494
  39	1.9500e-002	209.831238	37.759115
  40	2.0000e-002	215.110779	38.208193
  41	2.0500e-002	220.146179	38.579170
  42	2.1000e-002	225.578308	38.886690
  43	2.1500e-002	229.919434	39.218617
  44	2.2000e-002	234.977722	39.511494
  45	2.2500e-002	239.875793	39.804370
  46	2.3000e-002	244.941711	40.102128
  47	2.3500e-002	250.312805	40.414530
  48	2.4000e-002	254.753113	40.668356
  49	2.4500e-002	259.803772	40.970995
  50	2.5000e-002	265.159607	41.254109
  51	2.5500e-002	269.927979	41.717831
  52	2.6000e-002	265.266418	41.727593
  53	2.6500e-002	260.108948	41.800812
  54	2.7000e-002	255.104065	41.586036
  55	2.7500e-002	250.389099	41.503054
  56	2.8000e-002	245.124817	41.400548
  57	2.8500e-002	239.982605	41.312685
  58	2.9000e-002	235.290527	41.190653
  59	2.9500e-002	230.178833	41.146721
  60	3.0000e-002	224.998474	40.961233
  61	3.0500e-002	219.741821	40.966114
  62	3.1000e-002	215.293884	40.790388
  63	3.1500e-002	209.800720	40.653712
  64	3.2000e-002	205.177307	40.473105
  65	3.2500e-002	200.233459	40.316904
  66	3.3000e-002	195.487976	40.194872
  67	3.3500e-002	190.887451	40.009384
  68	3.4000e-002	185.157776	39.848302
  69	3.4500e-002	179.634094	39.706745
  70	3.5000e-002	175.376892	39.550544
  71	3.5500e-002	170.143127	39.374818
  72	3.6000e-002	165.191650	39.145398
  73	3.6500e-002	159.721375	38.979434
  74	3.7000e-002	154.960632	38.789065
  75	3.7500e-002	149.887085	38.588932
  76	3.8000e-002	145.126343	38.359512
  77	3.8500e-002	140.190125	38.169143
  78	3.9000e-002	135.086060	37.964129
  79	3.9500e-002	130.111694	37.832334
  80	4.0000e-002	125.160217	37.598033
  81	4.0500e-002	120.269775	37.422307
  82	4.1000e-002	115.051270	37.207531
  83	4.1500e-002	110.221863	36.875604
  84	4.2000e-002	104.835510	36.582728
  85	4.2500e-002	99.891663	36.397239
  86	4.3000e-002	95.436096	36.153175
  87	4.3500e-002	90.209961	35.933518
  88	4.4000e-002	85.319519	35.674810
  89	4.4500e-002	79.826355	35.420984
  90	4.5000e-002	75.027466	35.050007
  91	4.5500e-002	70.205688	34.796180
  92	4.6000e-002	65.483093	34.561879
  93	4.6500e-002	60.340881	34.171377
  94	4.7000e-002	55.046082	33.771112
  95	4.7500e-002	50.544739	33.414779
  96	4.8000e-002	45.173645	33.058446
  97	4.8500e-002	39.955139	32.809501
  98	4.9000e-002	35.285950	32.370186
  99	4.9500e-002	29.853821	31.862533
 100	5.0000e-002	25.505066	31.389049
 101	5.0500e-002	20.164490	30.847228
 102	5.1000e-002	15.098572	30.232187
 103	5.1500e-002	9.933472	29.641552
 104	5.2000e-002	5.729675	28.919123
 105	5.2500e-002	0.000000	28.108831
 106	5.3000e-002	-4.272461	27.259489
 107	5.3500e-002	-9.185791	26.185608
 108	5.4000e-002	-14.480591	25.048271
 109	5.4500e-002	-19.119263	23.788902
 110	5.5000e-002	-23.902893	22.002354
 111	5.5500e-002	-29.258728	20.337839
 112	5.6000e-002	-34.179688	18.448785
 113	5.6500e-002	-38.932800	16.281498
 114	5.7000e-002	-43.884277	13.923842
 115	5.7500e-002	-49.064636	11.366053
 116	5.8000e-002	-53.939819	8.442168
 117	5.8500e-002	-58.708191	5.332795
 118	5.9000e-002	-63.972473	2.101390
 119	5.9500e-002	-68.153381	-1.378961
 120	6.0000e-002	-73.478699	-5.088731
 121	6.0500e-002	-78.559875	-8.901008
 122	6.1000e-002	-83.251953	-12.708404
 123	6.1500e-002	-88.302612	-16.803795
 124	6.2000e-002	-93.421936	-20.777154
 125	6.2500e-002	-98.495483	-24.530856
 126	6.3000e-002	-103.874207	-28.206457
 127	6.3500e-002	-108.863831	-31.608707
 128	6.4000e-002	-113.983154	-34.400797
 129	6.4500e-002	-119.682312	-36.533915
 130	6.5000e-002	-124.496460	-37.666371
 131	6.5500e-002	-129.501343	-38.545001
 132	6.6000e-002	-134.872437	-38.984316
 133	6.6500e-002	-139.862061	-39.389462
 134	6.7000e-002	-144.882202	-39.755557
 135	6.7500e-002	-149.848938	-40.141178
 136	6.8000e-002	-154.403687	-40.385242
 137	6.8500e-002	-159.782410	-40.751338
 138	6.9000e-002	-164.825439	-41.097909
 139	6.9500e-002	-169.921875	-41.302922
 140	7.0000e-002	-174.316406	-41.542105
 141	7.0500e-002	-179.939270	-41.795931
 142	7.1000e-002	-184.829712	-42.000945
 143	7.1500e-002	-189.605713	-42.225483
 144	7.2000e-002	-194.931030	-42.562292
 145	7.2500e-002	-199.645996	-42.703849
 146	7.3000e-002	-204.650879	-42.982081
 147	7.3500e-002	-209.930420	-43.231026
 148	7.4000e-002	-214.729309	-43.470209
 149	7.4500e-002	-219.848633	-43.602003
 150	7.5000e-002	-224.838257	-43.894880
 151	7.5500e-002	-229.797363	-44.060843
 152	7.6000e-002	-225.036621	-43.982743
 153	7.6500e-002	-219.841003	-43.880236
 154	7.7000e-002	-215.034485	-43.816780
 155	7.7500e-002	-209.815979	-43.641054
 156	7.8000e-002	-205.070496	-43.504378
 157	7.8500e-002	-200.027466	-43.392109
 158	7.9000e-002	-194.839478	-43.255433
 159	7.9500e-002	-189.811707	-43.050419
 160	8.0000e-002	-185.188293	-42.913743
 161	8.0500e-002	-179.916382	-42.698967
 162	8.1000e-002	-175.094604	-42.606223
 163	8.1500e-002	-169.898987	-42.508597
 164	8.2000e-002	-164.955139	-42.303584
 165	8.2500e-002	-160.034180	-42.079045
 166	8.3000e-002	-155.021667	-41.971657
 167	8.3500e-002	-150.344849	-41.820337
 168	8.4000e-002	-144.821167	-41.615324
 169	8.4500e-002	-140.045166	-41.366379
 170	8.5000e-002	-134.704590	-41.195534
 171	8.5500e-002	-129.531860	-40.975877
 172	8.6000e-002	-125.122070	-40.912420
 173	8.6500e-002	-119.812012	-40.673237
 174	8.7000e-002	-114.967346	-40.507274
 175	8.7500e-002	-110.038757	-40.331548
 176	8.8000e-002	-106.422424	-40.097247
 177	8.8500e-002	-100.082397	-39.843420
 178	8.9000e-002	-94.787598	-39.574950
 179	8.9500e-002	-89.927673	-39.467562
 180	9.0000e-002	-85.014343	-39.208854
 181	9.0500e-002	-79.910278	-38.915978
 182	9.1000e-002	-74.859619	-38.710964
 183	9.1500e-002	-69.869995	-38.462019
 184	9.2000e-002	-64.926147	-38.335106
 185	9.2500e-002	-59.921265	-38.012942
 186	9.3000e-002	-54.969788	-37.637083
 187	9.3500e-002	-50.071716	-37.407663
 188	9.4000e-002	-44.891357	-37.192887
 189	9.4500e-002	-39.863586	-36.895129
 190	9.5000e-002	-35.148621	-36.631540
 191	9.5500e-002	-29.975891	-36.402120
 192	9.6000e-002	-24.642944	-35.982331
 193	9.6500e-002	-20.103455	-35.596710
 194	9.7000e-002	-14.991760	-35.396577
 195	9.7500e-002	-9.635925	-35.025600
 196	9.8000e-002	-4.936218	-34.615573
 197	9.8500e-002	-0.305176	-34.186021
 198	9.9000e-002	5.119324	-33.854094
 199	9.9500e-002	10.154724	-33.541692
 200	1.0000e-001	15.403748	-33.151190
 201	1.0050e-001	19.889832	-32.594725
 202	1.0100e-001	24.955750	-32.238391
 203	1.0150e-001	29.823303	-31.696570
 204	1.0200e-001	34.873962	-31.281661
 205	1.0250e-001	40.023804	-30.734958
 206	1.0300e-001	44.799805	-30.320050
 207	1.0350e-001	49.713135	-29.783109
 208	1.0400e-001	54.962158	-29.046037
 209	1.0450e-001	59.730530	-28.299201
 210	1.0500e-001	64.735413	-27.518197
 211	1.0550e-001	69.717407	-26.629805
 212	1.0600e-001	74.516296	-25.355791
 213	1.0650e-001	79.719543	-24.081778
 214	1.0700e-001	84.548950	-22.480719
 215	1.0750e-001	89.721680	-20.733222
 216	1.0800e-001	94.200134	-18.727018
 217	1.0850e-001	99.334717	-16.476749
 218	1.0900e-001	103.958130	-13.982417
 219	1.0950e-001	109.046936	-11.200089
 220	1.1000e-001	113.906860	-8.242036
 221	1.1050e-001	118.751526	-4.991105
 222	1.1100e-001	123.710632	-1.540043
 223	1.1150e-001	128.540039	2.120915
 224	1.1200e-001	133.735657	5.845329
 225	1.1250e-001	138.519287	9.774756
 226	1.1300e-001	143.608093	13.811572
 227	1.1350e-001	148.597717	17.731237
 228	1.1400e-001	153.465271	21.636259
 229	1.1450e-001	158.752441	25.487586
 230	1.1500e-001	164.031982	29.026511
 231	1.1550e-001	169.281006	32.126122
 232	1.1600e-001	174.140930	34.625336
 233	1.1650e-001	179.573059	36.382595
 234	1.1700e-001	184.928894	37.432070
 235	1.1750e-001	189.994812	38.056873
 236	1.1800e-001	194.816589	38.584051
 237	1.1850e-001	199.951172	39.052654
 238	1.1900e-001	205.039978	39.160042
 239	1.1950e-001	210.090637	39.633526
 240	1.2000e-001	215.095520	39.965452
 241	1.2050e-001	220.298767	40.277854
 242	1.2100e-001	224.754333	40.453580
 243	1.2150e-001	230.209351	40.800151
 244	1.2200e-001	234.916687	40.951470
 245	1.2250e-001	239.860535	41.341972
 246	1.2300e-001	245.353699	41.522580
 247	1.2350e-001	250.251770	41.820337
 248	1.2400e-001	255.050659	42.113214
 249	1.2450e-001	259.849548	42.430497
 250	1.2500e-001	264.991760	42.625748
 251	1.2550e-001	269.691467	42.899100
 252	1.2600e-001	264.907837	42.933269
 253	1.2650e-001	260.055542	42.869812
 254	1.2700e-001	254.997253	42.733136
 255	1.2750e-001	250.205994	42.801474
 256	1.2800e-001	245.193481	42.659917
 257	1.2850e-001	240.242004	42.664798
 258	1.2900e-001	235.198975	42.503716
 259	1.2950e-001	230.262756	42.342634
 260	1.3000e-001	225.082397	42.176671
 261	1.3050e-001	220.390320	42.103452
 262	1.3100e-001	214.935303	41.947251
 263	1.3150e-001	210.075378	41.864269
 264	1.3200e-001	205.497742	41.781287
 265	1.3250e-001	200.279236	41.551867
 266	1.3300e-001	194.808960	41.366379
 267	1.3350e-001	190.093994	41.263872
 268	1.3400e-001	185.279846	41.107671
 269	1.3450e-001	179.855347	40.892895
 270	1.3500e-001	175.651550	40.634187
 271	1.3550e-001	170.082092	40.517037
 272	1.3600e-001	165.214539	40.375480
 273	1.3650e-001	160.293579	40.258329
 274	1.3700e-001	155.441284	40.033790
 275	1.3750e-001	150.001526	39.843420
 276	1.3800e-001	145.233154	39.618882
 277	1.3850e-001	140.045166	39.389462
 278	1.3900e-001	135.002136	39.145398
 279	1.3950e-001	130.165100	39.042891
 280	1.4000e-001	125.328064	38.832996
 281	1.4050e-001	120.086670	38.515713
 282	1.4100e-001	115.135193	38.354631
 283	1.4150e-001	109.977722	38.086161
 284	1.4200e-001	104.911804	37.900672
 285	1.4250e-001	100.471497	37.778640
 286	1.4300e-001	95.436096	37.402782
 287	1.4350e-001	89.866638	37.134312
 288	1.4400e-001	85.205078	36.885367
 289	1.4450e-001	80.177307	36.587609
 290	1.4500e-001	74.882507	36.333783
 291	1.4550e-001	70.335388	36.050669
 292	1.4600e-001	64.949036	35.831011
 293	1.4650e-001	60.226440	35.416103
 294	1.4700e-001	54.893494	35.123226
 295	1.4750e-001	50.239563	34.757130
 296	1.4800e-001	44.898987	34.400797
 297	1.4850e-001	40.512085	34.088395
 298	1.4900e-001	35.293579	33.483117
 299	1.4950e-001	30.136108	33.195122
 300	1.5000e-001	25.260925	32.789976
 301	1.5050e-001	20.393372	32.282323
 302	1.5100e-001	15.151978	31.730739
 303	1.5150e-001	10.620117	31.120579
 304	1.5200e-001	5.477905	30.388388
 305	1.5250e-001	0.289917	29.553689
 306	1.5300e-001	-4.158020	28.743397
 307	1.5350e-001	-9.460449	27.689042
 308	1.5400e-001	-14.503479	26.493129
 309	1.5450e-001	-19.172668	25.243522
 310	1.5500e-001	-24.330139	23.691276
 311	1.5550e-001	-29.281616	22.002354
 312	1.5600e-001	-33.935547	20.240214
 313	1.5650e-001	-39.131165	18.009470
 314	1.5700e-001	-43.952942	15.632288
 315	1.5750e-001	-48.957825	13.069618
 316	1.5800e-001	-53.924561	10.131090
 317	1.5850e-001	-58.845520	7.285305
 318	1.5900e-001	-62.507629	4.053900
 319	1.5950e-001	-68.321228	0.505212
 320	1.6000e-001	-73.699951	-3.165508
 321	1.6050e-001	-78.117371	-6.914328
 322	1.6100e-001	-83.557129	-10.770537
 323	1.6150e-001	-88.294983	-14.870809
 324	1.6200e-001	-93.185425	-18.814881
 325	1.6250e-001	-98.320007	-22.690614
 326	1.6300e-001	-103.736877	-26.419910
 327	1.6350e-001	-109.191895	-29.670840
 328	1.6400e-001	-114.311218	-32.741163
 329	1.6450e-001	-119.400024	-34.932856
 330	1.6500e-001	-124.481201	-36.382595
 331	1.6550e-001	-129.318237	-37.207531
 332	1.6600e-001	-135.040283	-37.788403
 333	1.6650e-001	-139.877319	-38.237480
 334	1.6700e-001	-144.584656	-38.564526
 335	1.6750e-001	-149.742126	-38.950147
 336	1.6800e-001	-154.937744	-39.164923
 337	1.6850e-001	-159.957886	-39.526137
 338	1.6900e-001	-164.779663	-39.828777
 339	1.6950e-001	-169.746399	-40.150941
 340	1.7000e-001	-174.888611	-40.341311
 341	1.7050e-001	-179.641724	-40.678119
 342	1.7100e-001	-184.753418	-40.927064
 343	1.7150e-001	-189.620972	-41.112552
 344	1.7200e-001	-195.091248	-41.332210
 345	1.7250e-001	-199.630737	-41.527461
 346	1.7300e-001	-204.734802	-41.839863
 347	1.7350e-001	-209.754944	-42.074164
 348	1.7400e-001	-214.721680	-42.362159
 349	1.7450e-001	-219.749451	-42.533004
 350	1.7500e-001	-224.853516	-42.796593
 351	1.7550e-001	-229.530334	-42.933269
 352	1.7600e-001	-224.876404	-42.864931
 353	1.7650e-001	-220.367432	-42.723374
 354	1.7700e-001	-215.026855	-42.625748
 355	1.7750e-001	-209.709167	-42.425616
 356	1.7800e-001	-204.971313	-42.367040
 357	1.7850e-001	-199.851990	-42.147383
 358	1.7900e-001	-194.915771	-42.098570
 359	1.7950e-001	-189.910889	-42.020470
 360	1.8000e-001	-184.814453	-41.825219
 361	1.8050e-001	-180.244446	-41.639730
 362	1.8100e-001	-175.247192	-41.576274
 363	1.8150e-001	-170.082092	-41.302922
 364	1.8200e-001	-165.069580	-41.073502
 365	1.8250e-001	-159.751892	-41.034452
 366	1.8300e-001	-154.884338	-40.770863
 367	1.8350e-001	-149.963379	-40.678119
 368	1.8400e-001	-144.859314	-40.463343
 369	1.8450e-001	-139.884949	-40.302260
 370	1.8500e-001	-135.154724	-40.121653
 371	1.8550e-001	-129.760742	-39.970334
 372	1.8600e-001	-125.083923	-39.614000
 373	1.8650e-001	-119.972229	-39.526137
 374	1.8700e-001	-114.967346	-39.423631
 375	1.8750e-001	-110.076904	-39.150279
 376	1.8800e-001	-105.010986	-38.881809
 377	1.8850e-001	-99.937439	-38.701202
 378	1.8900e-001	-94.902039	-38.383919
 379	1.8950e-001	-89.874268	-38.169143
 380	1.9000e-001	-85.289001	-38.051992
 381	1.9050e-001	-79.833984	-37.817691
 382	1.9100e-001	-74.974060	-37.495526
 383	1.9150e-001	-69.908142	-37.353969
 384	1.9200e-001	-65.055847	-37.095262
 385	1.9250e-001	-60.211182	-36.763335
 386	1.9300e-001	-54.969788	-36.655947
 387	1.9350e-001	-50.338745	-36.211751
 388	1.9400e-001	-44.639587	-36.011618
 389	1.9450e-001	-39.924622	-35.782198
 390	1.9500e-001	-34.973145	-35.381934
 391	1.9550e-001	-30.158997	-35.196445
 392	1.9600e-001	-24.131775	-34.884043
 393	1.9650e-001	-20.057678	-34.478897
 394	1.9700e-001	-15.136719	-34.195783
 395	1.9750e-001	-9.971619	-33.868738
 396	1.9800e-001	-5.004883	-33.507523
 397	1.9850e-001	0.099182	-33.073090
 398	1.9900e-001	5.157471	-32.780213
 399	1.9950e-001	9.910583	-32.350661
 400	2.0000e-001	15.068054	-31.862533
 401	2.0050e-001	19.813538	-31.515963

Center data before PMax,±Pr and ±Vc Calc.

PMax (µC/cm2):	4.29e+001
Pr (µC/cm2):	2.95e+001
-Pr (µC/cm2):	-3.15e+001
Vc:	1.26e+000
-Vc:	-6.91e-001
C (Max-Eff) (nF):	1.35e+000
K (Eff):	1.94e+003
Vert. (±Pr) Shift (µC/cm2):	-1.01e+000
Horiz. Shift (±Vc):	2.83e-001
Offset (µC/cm2):	3.25e+001

A (Loop Area - µC/cm2·Volts):	1.33e+002



Hysteresis Version: 5.16.2 - Radiant Technologies, Inc., 1999 - 3/20/18

»»»»»»»»»»»»»»»»»»»»»»»»»»»»»»»»»»»» Hysteresis ««««««««««««««««««««««««««««««««««««
»»»  Executed Version:	5.16.2
»»»  Vision Version:	5.16.10 (R)
»»»  Vision Compiled:	4/26/18
»»»  Driver Version:	5.16.6
»»»  Windows Version:	Windows 8
»»»  Processor Information:	x86 (AMD or Intel) - 8 Processors
»»»  Tester Name:	PPM21016-863
»»»  Tester S/N:	PPM21016-863
»»»  Internal Amp Type:	 RTI ML200V    
»»»  Internal Amp S/N:	 iAB2-0000     
»»»  Execution Count:	1
»»»»»»»»»»»»»»»»»»»»»»»»»»»»»»»»»»»»»»»»»»««««««««««««««««««««««««««««««««««««««««««

Stored:	8/30/2018 - 11:51:40
Configured:	08/30/18 11:44:12 AM
Executed:	08/30/18 11:51:23 AM

»»»»»»»»»»»»»»»»»»»»»»»»»»»»»»»»»»» Sample Info ««««««««««««««««««««««««««««««««««««
Sample Name:	Internal Reference Cap.
Lot Name:	N/A
Wafer Name:	N/A
Die Row/Column:	0/0
Capacitor Number:	0
Sample Area (cm2):	7.85e-005
Sample Thickness (µm):	1.00e-001

Mux Loop Adjustment:	Disabled

Amplifier:	Internal

»»»»»»»»»»»»»»»»»»»»»»»»»»»»»»»»»»» Tester Info «««««««««««««««««««««««««««««««««««
Tester Name:	PPM21016-863
Tester Serial Number:	PPM21016-863
Return Signal Amp. Level:	0.21 [Index: 2]

»»»»»»»»»»»»»»»»»»»»»»»»»»»»»»»» Hysteresis Info ««««««««««««««««««««««««««««««««««
Task Name:	Hyst-1
Volts:	2.50
Field:	250.00 (kV/cm)
Hysteresis Period (ms):	4.00e-001
Preset:	Enabled
Preset Delay (ms):	1.00e+003
Profile:	Double Bipolar

»»»»»»»»»»»»»»»»»»»»»»»»»»»»»»»»»»»»»» Data «««««««««««««««««««««««««««««««««««««««
Points:	801

Valid Data

Point	Time (ms)	Field (kV/cm)	Measured Polarization
   1	5.0000e-004	20.187378	-33.961482
   2	1.0000e-003	22.277832	-33.883382
   3	1.5000e-003	25.123596	-33.722300
   4	2.0000e-003	27.664185	-33.644199
   5	2.5000e-003	30.586243	-33.683249
   6	3.0000e-003	32.722473	-33.502642
   7	3.5000e-003	35.079956	-33.331797
   8	4.0000e-003	37.574768	-33.287866
   9	4.5000e-003	40.260315	-33.053565
  10	5.0000e-003	42.602539	-32.921770
  11	5.5000e-003	45.097351	-32.799738
  12	6.0000e-003	47.500610	-32.560556
  13	6.5000e-003	50.186157	-32.340898
  14	7.0000e-003	52.482605	-32.218866
  15	7.5000e-003	55.168152	-31.833245
  16	8.0000e-003	57.579041	-31.525725
  17	8.5000e-003	59.822083	-31.232848
  18	9.0000e-003	62.507629	-30.730077
  19	9.5000e-003	64.933777	-30.315168
  20	1.0000e-002	67.535400	-29.856328
  21	1.0500e-002	69.793701	-29.334032
  22	1.1000e-002	72.441101	-28.675060
  23	1.1500e-002	74.729919	-28.020968
  24	1.2000e-002	77.362061	-27.254608
  25	1.2500e-002	79.956055	-26.351572
  26	1.3000e-002	82.061768	-25.463180
  27	1.3500e-002	84.983826	-24.569906
  28	1.4000e-002	87.249756	-23.364231
  29	1.4500e-002	89.378357	-22.241537
  30	1.5000e-002	91.987610	-21.021218
  31	1.5500e-002	94.528198	-19.610529
  32	1.6000e-002	96.969604	-18.277940
  33	1.6500e-002	99.685669	-16.769626
  34	1.7000e-002	102.203369	-15.012366
  35	1.7500e-002	104.476929	-13.333207
  36	1.8000e-002	106.994629	-11.517372
  37	1.8500e-002	109.619141	-9.642962
  38	1.9000e-002	111.526489	-7.626995
  39	1.9500e-002	114.509583	-5.625671
  40	2.0000e-002	116.561890	-3.497435
  41	2.0500e-002	119.209290	-1.427773
  42	2.1000e-002	121.589661	0.851783
  43	2.1500e-002	124.252319	3.043476
  44	2.2000e-002	126.548767	5.376726
  45	2.2500e-002	129.241943	7.666045
  46	2.3000e-002	131.538391	10.072514
  47	2.3500e-002	134.239197	12.293495
  48	2.4000e-002	136.787415	14.607220
  49	2.4500e-002	139.244080	16.764745
  50	2.5000e-002	141.593933	18.873456
  51	2.5500e-002	144.248962	20.879661
  52	2.6000e-002	146.965027	22.763834
  53	2.6500e-002	149.330139	24.579668
  54	2.7000e-002	152.282715	26.151440
  55	2.7500e-002	154.289246	27.557247
  56	2.8000e-002	157.173157	28.772685
  57	2.8500e-002	159.538269	29.783109
  58	2.9000e-002	162.483215	30.813059
  59	2.9500e-002	164.634705	31.462268
  60	3.0000e-002	167.228699	32.140766
  61	3.0500e-002	169.929504	32.624012
  62	3.1000e-002	172.386169	32.990108
  63	3.1500e-002	174.812317	33.473354
  64	3.2000e-002	177.688599	33.697893
  65	3.2500e-002	179.924011	34.049345
  66	3.3000e-002	182.502747	34.327578
  67	3.3500e-002	184.936523	34.605811
  68	3.4000e-002	187.736511	34.757130
  69	3.4500e-002	189.994812	35.050007
  70	3.5000e-002	192.352295	35.269664
  71	3.5500e-002	194.953918	35.377052
  72	3.6000e-002	197.418213	35.660166
  73	3.6500e-002	200.019836	35.831011
  74	3.7000e-002	202.774048	35.933518
  75	3.7500e-002	204.902649	36.201988
  76	3.8000e-002	207.405090	36.397239
  77	3.8500e-002	210.273743	36.572965
  78	3.9000e-002	212.265015	36.714522
  79	3.9500e-002	215.042114	36.909773
  80	4.0000e-002	217.613220	36.953705
  81	4.0500e-002	220.115662	37.285631
  82	4.1000e-002	222.640991	37.436951
  83	4.1500e-002	224.967957	37.598033
  84	4.2000e-002	227.424622	37.739590
  85	4.2500e-002	229.835510	37.973891
  86	4.3000e-002	232.627869	38.008060
  87	4.3500e-002	235.061646	38.291174
  88	4.4000e-002	237.541199	38.393681
  89	4.4500e-002	239.990234	38.535238
  90	4.5000e-002	242.607117	38.828115
  91	4.5500e-002	245.147705	38.857403
  92	4.6000e-002	247.589111	39.125873
  93	4.6500e-002	249.961853	39.399224
  94	4.7000e-002	252.586365	39.565188
  95	4.7500e-002	255.409241	39.614000
  96	4.8000e-002	257.469177	39.877589
  97	4.8500e-002	259.925842	40.053315
  98	4.9000e-002	262.504578	40.150941
  99	4.9500e-002	264.938354	40.360836
 100	5.0000e-002	267.601013	40.614662
 101	5.0500e-002	270.011902	40.741575
 102	5.1000e-002	267.333984	40.800151
 103	5.1500e-002	265.289307	40.868489
 104	5.2000e-002	262.496948	40.829438
 105	5.2500e-002	259.819031	40.800151
 106	5.3000e-002	257.461548	40.819676
 107	5.3500e-002	255.027771	40.790388
 108	5.4000e-002	252.525330	40.765982
 109	5.4500e-002	250.358582	40.765982
 110	5.5000e-002	247.566223	40.800151
 111	5.5500e-002	244.750977	40.848963
 112	5.6000e-002	242.599487	40.751338
 113	5.6500e-002	240.104675	40.697644
 114	5.7000e-002	237.350464	40.590256
 115	5.7500e-002	235.099792	40.595137
 116	5.8000e-002	232.711792	40.458461
 117	5.8500e-002	230.209351	40.473105
 118	5.9000e-002	227.714539	40.438936
 119	5.9500e-002	224.830627	40.365717
 120	6.0000e-002	222.572327	40.331548
 121	6.0500e-002	219.955444	40.321786
 122	6.1000e-002	217.620850	40.165585
 123	6.1500e-002	215.072632	40.121653
 124	6.2000e-002	212.554932	40.077722
 125	6.2500e-002	210.090637	40.024028
 126	6.3000e-002	207.626343	39.994740
 127	6.3500e-002	205.024719	40.014265
 128	6.4000e-002	202.659607	39.916640
 129	6.4500e-002	199.844360	39.775083
 130	6.5000e-002	197.479248	39.687220
 131	6.5500e-002	195.228577	39.589594
 132	6.6000e-002	192.375183	39.570069
 133	6.6500e-002	190.498352	39.433393
 134	6.7000e-002	187.477112	39.282074
 135	6.7500e-002	184.936523	39.291836
 136	6.8000e-002	182.647705	39.262549
 137	6.8500e-002	180.458069	39.116110
 138	6.9000e-002	177.474976	39.077060
 139	6.9500e-002	175.071716	38.950147
 140	7.0000e-002	172.653198	38.832996
 141	7.0500e-002	169.998169	38.745133
 142	7.1000e-002	167.427063	38.725608
 143	7.1500e-002	165.122986	38.549882
 144	7.2000e-002	162.620544	38.564526
 145	7.2500e-002	159.965515	38.505951
 146	7.3000e-002	157.951355	38.271649
 147	7.3500e-002	155.036926	38.252124
 148	7.4000e-002	152.427673	38.193549
 149	7.4500e-002	150.329590	37.993417
 150	7.5000e-002	147.506714	37.925079
 151	7.5500e-002	144.989014	37.803047
 152	7.6000e-002	142.555237	37.705421
 153	7.6500e-002	140.022278	37.729828
 154	7.7000e-002	137.489319	37.637083
 155	7.7500e-002	135.353088	37.422307
 156	7.8000e-002	132.865906	37.373494
 157	7.8500e-002	130.096436	37.144074
 158	7.9000e-002	127.670288	37.051330
 159	7.9500e-002	125.343323	37.022043
 160	8.0000e-002	122.512817	36.880486
 161	8.0500e-002	120.063782	36.729166
 162	8.1000e-002	117.477417	36.704760
 163	8.1500e-002	115.043640	36.685234
 164	8.2000e-002	112.754822	36.446052
 165	8.2500e-002	109.886169	36.338664
 166	8.3000e-002	107.574463	36.192226
 167	8.3500e-002	105.194092	35.977449
 168	8.4000e-002	102.409363	35.928637
 169	8.4500e-002	100.151062	35.918874
 170	8.5000e-002	97.953796	35.660166
 171	8.5500e-002	94.978333	35.660166
 172	8.6000e-002	92.842102	35.499084
 173	8.6500e-002	90.141296	35.289189
 174	8.7000e-002	87.799072	35.172039
 175	8.7500e-002	84.968567	35.089057
 176	8.8000e-002	82.946777	34.840112
 177	8.8500e-002	79.994202	34.820587
 178	8.9000e-002	77.613831	34.561879
 179	8.9500e-002	74.897766	34.449610
 180	9.0000e-002	72.685242	34.259240
 181	9.0500e-002	69.938660	34.249477
 182	9.1000e-002	67.985535	33.971245
 183	9.1500e-002	65.513611	33.839450
 184	9.2000e-002	62.896729	33.629555
 185	9.2500e-002	60.058594	33.448948
 186	9.3000e-002	57.617188	33.414779
 187	9.3500e-002	55.168152	33.209766
 188	9.4000e-002	52.185059	33.117021
 189	9.4500e-002	50.010681	32.848551
 190	9.5000e-002	47.447205	32.663063
 191	9.5500e-002	45.173645	32.404355
 192	9.6000e-002	42.671204	32.194460
 193	9.6500e-002	40.039063	31.925990
 194	9.7000e-002	37.681580	31.779551
 195	9.7500e-002	35.034180	31.515963
 196	9.8000e-002	32.829285	31.374405
 197	9.8500e-002	30.326843	31.081529
 198	9.9000e-002	27.755737	30.920447
 199	9.9500e-002	25.085449	30.573876
 200	1.0000e-001	22.789001	30.246831
 201	1.0050e-001	20.324707	30.007648
 202	1.0100e-001	17.875671	29.739178
 203	1.0150e-001	15.327454	29.319388
 204	1.0200e-001	12.840271	29.094849
 205	1.0250e-001	10.253906	28.709228
 206	1.0300e-001	8.041382	28.250388
 207	1.0350e-001	5.172729	27.815955
 208	1.0400e-001	2.899170	27.337590
 209	1.0450e-001	0.312805	26.849462
 210	1.0500e-001	-1.838684	26.312522
 211	1.0550e-001	-4.646301	25.687718
 212	1.0600e-001	-6.805420	25.048271
 213	1.0650e-001	-9.552002	24.389299
 214	1.0700e-001	-12.290955	23.598532
 215	1.0750e-001	-14.465332	22.871222
 216	1.0800e-001	-16.738892	21.977948
 217	1.0850e-001	-19.630432	20.923592
 218	1.0900e-001	-21.873474	19.908287
 219	1.0950e-001	-24.253845	18.844168
 220	1.1000e-001	-27.191162	17.638493
 221	1.1050e-001	-29.129028	16.310786
 222	1.1100e-001	-31.791687	15.066060
 223	1.1150e-001	-34.095764	13.611440
 224	1.1200e-001	-36.941528	12.200751
 225	1.1250e-001	-38.833618	10.516710
 226	1.1300e-001	-41.725159	8.891245
 227	1.1350e-001	-44.204712	7.016835
 228	1.1400e-001	-46.577454	5.137544
 229	1.1450e-001	-48.988342	3.326590
 230	1.1500e-001	-51.437378	1.300860
 231	1.1550e-001	-53.779602	-0.612600
 232	1.1600e-001	-56.503296	-2.833581
 233	1.1650e-001	-59.188843	-5.127781
 234	1.1700e-001	-61.347961	-7.338999
 235	1.1750e-001	-64.033508	-9.511168
 236	1.1800e-001	-66.383362	-11.976212
 237	1.1850e-001	-69.221497	-14.197193
 238	1.1900e-001	-71.380615	-16.471868
 239	1.1950e-001	-74.081421	-18.814881
 240	1.2000e-001	-76.408386	-21.035862
 241	1.2050e-001	-79.246521	-23.173861
 242	1.2100e-001	-81.367493	-25.370435
 243	1.2150e-001	-84.350586	-27.318065
 244	1.2200e-001	-86.578369	-29.265694
 245	1.2250e-001	-89.027405	-31.047360
 246	1.2300e-001	-91.697693	-32.379948
 247	1.2350e-001	-94.322205	-33.561217
 248	1.2400e-001	-96.977234	-34.674148
 249	1.2450e-001	-99.815369	-35.440509
 250	1.2500e-001	-102.188110	-36.197107
 251	1.2550e-001	-104.682922	-36.777979
 252	1.2600e-001	-107.231140	-37.178243
 253	1.2650e-001	-109.657288	-37.593152
 254	1.2700e-001	-112.274170	-37.939723
 255	1.2750e-001	-114.959717	-38.178905
 256	1.2800e-001	-117.477417	-38.413206
 257	1.2850e-001	-120.071411	-38.554763
 258	1.2900e-001	-121.986389	-38.813471
 259	1.2950e-001	-124.938965	-39.003841
 260	1.3000e-001	-127.243042	-39.262549
 261	1.3050e-001	-129.531860	-39.428512
 262	1.3100e-001	-132.118225	-39.677457
 263	1.3150e-001	-134.712219	-39.823895
 264	1.3200e-001	-137.268066	-39.989859
 265	1.3250e-001	-139.801025	-40.141178
 266	1.3300e-001	-142.395020	-40.277854
 267	1.3350e-001	-144.897461	-40.477986
 268	1.3400e-001	-147.369385	-40.521918
 269	1.3450e-001	-149.932861	-40.795269
 270	1.3500e-001	-152.145386	-40.907539
 271	1.3550e-001	-154.777527	-41.112552
 272	1.3600e-001	-157.287598	-41.229703
 273	1.3650e-001	-159.980774	-41.312685
 274	1.3700e-001	-162.117004	-41.424954
 275	1.3750e-001	-164.901733	-41.664137
 276	1.3800e-001	-167.419434	-41.771525
 277	1.3850e-001	-169.723511	-41.898438
 278	1.3900e-001	-172.439575	-42.020470
 279	1.3950e-001	-174.697876	-42.147383
 280	1.4000e-001	-177.307129	-42.269415
 281	1.4050e-001	-179.962158	-42.430497
 282	1.4100e-001	-182.090759	-42.518360
 283	1.4150e-001	-184.753418	-42.586698
 284	1.4200e-001	-187.324524	-42.767305
 285	1.4250e-001	-189.529419	-42.894218
 286	1.4300e-001	-192.428589	-43.069944
 287	1.4350e-001	-194.900513	-43.167570
 288	1.4400e-001	-197.326660	-43.270077
 289	1.4450e-001	-199.851990	-43.411634
 290	1.4500e-001	-202.507019	-43.538547
 291	1.4550e-001	-204.811096	-43.602003
 292	1.4600e-001	-207.328796	-43.680104
 293	1.4650e-001	-209.930420	-43.826542
 294	1.4700e-001	-212.127686	-43.909524
 295	1.4750e-001	-214.988708	-44.080369
 296	1.4800e-001	-217.384338	-44.168232
 297	1.4850e-001	-219.833374	-44.339076
 298	1.4900e-001	-222.595215	-44.265857
 299	1.4950e-001	-224.822998	-44.524565
 300	1.5000e-001	-227.188110	-44.539209
 301	1.5050e-001	-229.995728	-44.675884
 302	1.5100e-001	-227.279663	-44.636834
 303	1.5150e-001	-224.822998	-44.671003
 304	1.5200e-001	-222.534180	-44.539209
 305	1.5250e-001	-219.619751	-44.617309
 306	1.5300e-001	-217.445374	-44.368364
 307	1.5350e-001	-214.347839	-44.256095
 308	1.5400e-001	-212.432861	-44.319551
 309	1.5450e-001	-209.716797	-44.270738
 310	1.5500e-001	-207.550049	-44.148706
 311	1.5550e-001	-205.062866	-44.148706
 312	1.5600e-001	-202.232361	-44.090131
 313	1.5650e-001	-200.096130	-44.051081
 314	1.5700e-001	-197.540283	-43.982743
 315	1.5750e-001	-194.984436	-43.875355
 316	1.5800e-001	-192.489624	-43.777729
 317	1.5850e-001	-189.880371	-43.719154
 318	1.5900e-001	-187.316895	-43.597122
 319	1.5950e-001	-184.600830	-43.519022
 320	1.6000e-001	-182.601929	-43.528784
 321	1.6050e-001	-179.855347	-43.411634
 322	1.6100e-001	-177.520752	-43.338415
 323	1.6150e-001	-174.812317	-43.240789
 324	1.6200e-001	-172.714233	-43.177332
 325	1.6250e-001	-169.799805	-43.079707
 326	1.6300e-001	-167.343140	-42.982081
 327	1.6350e-001	-164.772034	-42.816118
 328	1.6400e-001	-162.490845	-42.860049
 329	1.6450e-001	-159.790039	-42.742899
 330	1.6500e-001	-157.310486	-42.655036
 331	1.6550e-001	-155.014038	-42.586698
 332	1.6600e-001	-152.099609	-42.489072
 333	1.6650e-001	-149.719238	-42.396328
 334	1.6700e-001	-147.308350	-42.205958
 335	1.6750e-001	-145.072937	-42.264534
 336	1.6800e-001	-142.410278	-42.118095
 337	1.6850e-001	-139.823914	-42.088808
 338	1.6900e-001	-137.619019	-41.913082
 339	1.6950e-001	-134.544373	-41.825219
 340	1.7000e-001	-132.415771	-41.737356
 341	1.7050e-001	-129.882813	-41.693424
 342	1.7100e-001	-127.288818	-41.629968
 343	1.7150e-001	-125.213623	-41.464004
 344	1.7200e-001	-122.474670	-41.376141
 345	1.7250e-001	-119.789124	-41.302922
 346	1.7300e-001	-117.492676	-41.122315
 347	1.7350e-001	-115.203857	-41.156484
 348	1.7400e-001	-112.335205	-40.941708
 349	1.7450e-001	-110.023499	-40.922183
 350	1.7500e-001	-107.421875	-40.785507
 351	1.7550e-001	-104.919434	-40.658594
 352	1.7600e-001	-102.416992	-40.604900
 353	1.7650e-001	-100.181580	-40.429174
 354	1.7700e-001	-97.557068	-40.253448
 355	1.7750e-001	-94.726563	-40.214397
 356	1.7800e-001	-92.674255	-40.263210
 357	1.7850e-001	-89.591980	-40.097247
 358	1.7900e-001	-87.554932	-39.862946
 359	1.7950e-001	-85.182190	-39.745795
 360	1.8000e-001	-82.214355	-39.623763
 361	1.8050e-001	-79.902649	-39.555425
 362	1.8100e-001	-77.499390	-39.443156
 363	1.8150e-001	-75.141907	-39.345530
 364	1.8200e-001	-72.288513	-39.208854
 365	1.8250e-001	-70.022583	-39.038010
 366	1.8300e-001	-67.474365	-38.964791
 367	1.8350e-001	-65.208435	-38.867165
 368	1.8400e-001	-62.416077	-38.686558
 369	1.8450e-001	-59.509277	-38.466900
 370	1.8500e-001	-57.250977	-38.379037
 371	1.8550e-001	-54.939270	-38.291174
 372	1.8600e-001	-52.497864	-38.081280
 373	1.8650e-001	-49.690247	-38.105686
 374	1.8700e-001	-47.050476	-37.964129
 375	1.8750e-001	-45.036316	-37.729828
 376	1.8800e-001	-42.503357	-37.544339
 377	1.8850e-001	-39.962769	-37.500408
 378	1.8900e-001	-37.513733	-37.280750
 379	1.8950e-001	-34.912109	-37.100143
 380	1.9000e-001	-32.478333	-37.007399
 381	1.9050e-001	-29.747009	-36.807266
 382	1.9100e-001	-27.542114	-36.631540
 383	1.9150e-001	-24.505615	-36.524152
 384	1.9200e-001	-22.491455	-36.319139
 385	1.9250e-001	-19.927979	-36.148294
 386	1.9300e-001	-17.524719	-35.933518
 387	1.9350e-001	-14.923096	-35.796842
 388	1.9400e-001	-12.130737	-35.640641
 389	1.9450e-001	-10.055542	-35.484440
 390	1.9500e-001	-7.484436	-35.450271
 391	1.9550e-001	-4.951477	-35.162276
 392	1.9600e-001	-2.548218	-34.962144
 393	1.9650e-001	0.114441	-34.659505
 394	1.9700e-001	2.593994	-34.454491
 395	1.9750e-001	5.119324	-34.317815
 396	1.9800e-001	7.591248	-34.127446
 397	1.9850e-001	9.948730	-33.824806
 398	1.9900e-001	12.702942	-33.736943
 399	1.9950e-001	14.884949	-33.385491
 400	2.0000e-001	17.951965	-33.219528
 401	2.0050e-001	20.317078	-33.058446
 402	2.0100e-001	22.384644	-32.770451
 403	2.0150e-001	24.879456	-32.462930
 404	2.0200e-001	27.587891	-32.345780
 405	2.0250e-001	30.036926	-32.072428
 406	2.0300e-001	32.592773	-31.755145
 407	2.0350e-001	34.927368	-31.618469
 408	2.0400e-001	37.338257	-31.306068
 409	2.0450e-001	40.191650	-30.964378
 410	2.0500e-001	42.716980	-30.710552
 411	2.0550e-001	45.104980	-30.490894
 412	2.0600e-001	47.126770	-30.095511
 413	2.0650e-001	50.125122	-29.890497
 414	2.0700e-001	52.467346	-29.412132
 415	2.0750e-001	54.718018	-29.119256
 416	2.0800e-001	57.502747	-28.660416
 417	2.0850e-001	59.936523	-28.211338
 418	2.0900e-001	62.217712	-27.654873
 419	2.0950e-001	64.865112	-27.156982
 420	2.1000e-001	67.352295	-26.512654
 421	2.1050e-001	69.992065	-25.892732
 422	2.1100e-001	72.494507	-25.145897
 423	2.1150e-001	74.600220	-24.330723
 424	2.1200e-001	77.491760	-23.452094
 425	2.1250e-001	79.620361	-22.563701
 426	2.1300e-001	82.092285	-21.421482
 427	2.1350e-001	84.373474	-20.313433
 428	2.1400e-001	87.127686	-19.093114
 429	2.1450e-001	89.546204	-17.789813
 430	2.1500e-001	92.224121	-16.388886
 431	2.1550e-001	95.184326	-14.968435
 432	2.1600e-001	97.137451	-13.440595
 433	2.1650e-001	99.540710	-11.790724
 434	2.1700e-001	102.073669	-10.013939
 435	2.1750e-001	104.354858	-8.149291
 436	2.1800e-001	106.781006	-6.240712
 437	2.1850e-001	109.313965	-4.244270
 438	2.1900e-001	111.763000	-2.159965
 439	2.1950e-001	114.517212	-0.129354
 440	2.2000e-001	116.806030	2.174609
 441	2.2050e-001	119.102478	4.439521
 442	2.2100e-001	121.864319	6.733721
 443	2.2150e-001	124.603271	8.940058
 444	2.2200e-001	126.388550	11.341646
 445	2.2250e-001	129.241943	13.689540
 446	2.2300e-001	132.019043	15.998384
 447	2.2350e-001	134.490967	18.282822
 448	2.2400e-001	136.871338	20.411058
 449	2.2450e-001	139.251709	22.510007
 450	2.2500e-001	141.967773	24.623600
 451	2.2550e-001	144.561768	26.541942
 452	2.2600e-001	147.010803	28.255270
 453	2.2650e-001	149.505615	29.905141
 454	2.2700e-001	151.916504	31.252374
 455	2.2750e-001	155.052185	32.389711
 456	2.2800e-001	157.257080	33.390373
 457	2.2850e-001	160.202026	34.142089
 458	2.2900e-001	162.635803	34.771774
 459	2.2950e-001	164.772034	35.289189
 460	2.3000e-001	167.732239	35.752911
 461	2.3050e-001	170.234680	36.045787
 462	2.3100e-001	172.325134	36.455814
 463	2.3150e-001	175.170898	36.646184
 464	2.3200e-001	177.688599	36.890248
 465	2.3250e-001	179.878235	37.070855
 466	2.3300e-001	182.525635	37.383257
 467	2.3350e-001	184.982300	37.490645
 468	2.3400e-001	187.789917	37.705421
 469	2.3450e-001	190.048218	37.905554
 470	2.3500e-001	192.581177	38.047111
 471	2.3550e-001	194.824219	38.261887
 472	2.3600e-001	197.723389	38.501069
 473	2.3650e-001	200.019836	38.564526
 474	2.3700e-001	202.453613	38.735371
 475	2.3750e-001	205.177307	38.891571
 476	2.3800e-001	207.496643	38.945266
 477	2.3850e-001	209.892273	39.145398
 478	2.3900e-001	212.593079	39.350411
 479	2.3950e-001	215.240479	39.438274
 480	2.4000e-001	217.567444	39.609119
 481	2.4050e-001	220.024109	39.819014
 482	2.4100e-001	222.511292	39.877589
 483	2.4150e-001	224.876404	40.038672
 484	2.4200e-001	227.592468	40.175347
 485	2.4250e-001	229.782104	40.321786
 486	2.4300e-001	232.559204	40.414530
 487	2.4350e-001	235.099792	40.643950
 488	2.4400e-001	237.541199	40.756219
 489	2.4450e-001	240.150452	40.956352
 490	2.4500e-001	242.393494	41.083265
 491	2.4550e-001	245.338440	41.132077
 492	2.4600e-001	247.337341	41.390785
 493	2.4650e-001	250.167847	41.488411
 494	2.4700e-001	252.449036	41.698306
 495	2.4750e-001	254.966736	41.903319
 496	2.4800e-001	257.415771	42.020470
 497	2.4850e-001	260.292053	42.103452
 498	2.4900e-001	262.458801	42.279177
 499	2.4950e-001	265.190125	42.459785
 500	2.5000e-001	267.700195	42.547648
 501	2.5050e-001	269.958496	42.825880
 502	2.5100e-001	267.440796	42.845406
 503	2.5150e-001	265.052795	42.796593
 504	2.5200e-001	262.557983	42.913743
 505	2.5250e-001	260.025024	42.874693
 506	2.5300e-001	257.751465	42.869812
 507	2.5350e-001	254.974365	42.772186
 508	2.5400e-001	252.525330	42.772186
 509	2.5450e-001	250.373840	42.659917
 510	2.5500e-001	247.825623	42.640392
 511	2.5550e-001	245.178223	42.669680
 512	2.5600e-001	242.698669	42.679442
 513	2.5650e-001	240.058899	42.620867
 514	2.5700e-001	237.403870	42.562292
 515	2.5750e-001	235.427856	42.567173
 516	2.5800e-001	232.688904	42.469547
 517	2.5850e-001	229.827881	42.415853
 518	2.5900e-001	227.737427	42.332872
 519	2.5950e-001	225.357056	42.254771
 520	2.6000e-001	222.442627	42.293821
 521	2.6050e-001	220.146179	42.240127
 522	2.6100e-001	217.750549	42.147383
 523	2.6150e-001	215.179443	42.088808
 524	2.6200e-001	212.486267	41.952132
 525	2.6250e-001	210.166931	41.942369
 526	2.6300e-001	207.649231	41.771525
 527	2.6350e-001	205.146790	41.820337
 528	2.6400e-001	202.377319	41.664137
 529	2.6450e-001	199.935913	41.566511
 530	2.6500e-001	197.708130	41.512817
 531	2.6550e-001	195.129395	41.444479
 532	2.6600e-001	192.687988	41.420073
 533	2.6650e-001	190.010071	41.361497
 534	2.6700e-001	187.637329	41.249228
 535	2.6750e-001	184.982300	41.224822
 536	2.6800e-001	182.701111	41.117434
 537	2.6850e-001	179.946899	41.049096
 538	2.6900e-001	177.726746	41.044214
 539	2.6950e-001	175.125122	40.848963
 540	2.7000e-001	172.790527	40.683000
 541	2.7050e-001	169.845581	40.697644
 542	2.7100e-001	167.510986	40.643950
 543	2.7150e-001	164.871216	40.463343
 544	2.7200e-001	162.605286	40.438936
 545	2.7250e-001	160.217285	40.307142
 546	2.7300e-001	157.745361	40.302260
 547	2.7350e-001	155.113220	40.136297
 548	2.7400e-001	152.442932	40.087484
 549	2.7450e-001	150.047302	39.984977
 550	2.7500e-001	147.743225	39.858064
 551	2.7550e-001	145.248413	39.804370
 552	2.7600e-001	142.723083	39.760439
 553	2.7650e-001	139.968872	39.531019
 554	2.7700e-001	137.771606	39.477325
 555	2.7750e-001	135.215759	39.335768
 556	2.7800e-001	132.629395	39.223498
 557	2.7850e-001	130.004883	39.145398
 558	2.7900e-001	127.357483	39.023366
 559	2.7950e-001	125.320435	38.950147
 560	2.8000e-001	122.612000	38.832996
 561	2.8050e-001	120.094299	38.730489
 562	2.8100e-001	117.279053	38.584051
 563	2.8150e-001	115.074158	38.422969
 564	2.8200e-001	112.571716	38.422969
 565	2.8250e-001	110.054016	38.159380
 566	2.8300e-001	107.719421	38.134974
 567	2.8350e-001	104.804993	37.988535
 568	2.8400e-001	102.737427	37.920197
 569	2.8450e-001	100.257874	37.798166
 570	2.8500e-001	97.709656	37.715184
 571	2.8550e-001	95.268250	37.554102
 572	2.8600e-001	92.590332	37.378376
 573	2.8650e-001	90.042114	37.256344
 574	2.8700e-001	87.898254	37.144074
 575	2.8750e-001	85.174561	37.051330
 576	2.8800e-001	82.626343	36.904892
 577	2.8850e-001	80.116272	36.826791
 578	2.8900e-001	77.400208	36.592490
 579	2.8950e-001	75.096130	36.436289
 580	2.9000e-001	72.776794	36.324020
 581	2.9050e-001	69.816589	36.128769
 582	2.9100e-001	67.741394	36.016500
 583	2.9150e-001	65.078735	35.816367
 584	2.9200e-001	62.980652	35.674810
 585	2.9250e-001	60.096741	35.513728
 586	2.9300e-001	57.434082	35.333121
 587	2.9350e-001	55.068970	35.172039
 588	2.9400e-001	52.757263	34.942619
 589	2.9450e-001	49.858093	34.884043
 590	2.9500e-001	47.752380	34.625336
 591	2.9550e-001	45.150757	34.434966
 592	2.9600e-001	42.617798	34.283646
 593	2.9650e-001	39.970398	34.063989
 594	2.9700e-001	37.582397	33.810163
 595	2.9750e-001	35.499573	33.575861
 596	2.9800e-001	32.302856	33.409898
 597	2.9850e-001	30.151367	33.180478
 598	2.9900e-001	27.709961	32.916889
 599	2.9950e-001	25.161743	32.594725
 600	3.0000e-001	23.124695	32.345780
 601	3.0050e-001	20.019531	32.067547
 602	3.0100e-001	17.684937	31.784433
 603	3.0150e-001	15.296936	31.496437
 604	3.0200e-001	12.870789	31.149867
 605	3.0250e-001	10.330200	30.798415
 606	3.0300e-001	7.934570	30.398150
 607	3.0350e-001	5.409241	30.022292
 608	3.0400e-001	2.616882	29.582977
 609	3.0450e-001	0.389099	29.148543
 610	3.0500e-001	-1.770020	28.455402
 611	3.0550e-001	-4.745483	27.923343
 612	3.0600e-001	-7.057190	27.313183
 613	3.0650e-001	-9.635925	26.683499
 614	3.0700e-001	-12.168884	25.897613
 615	3.0750e-001	-14.389038	25.014102
 616	3.0800e-001	-17.250061	24.281911
 617	3.0850e-001	-19.523621	23.364231
 618	3.0900e-001	-21.865845	22.300112
 619	3.0950e-001	-24.406433	21.314094
 620	3.1000e-001	-26.847839	20.010794
 621	3.1050e-001	-29.434204	18.756305
 622	3.1100e-001	-31.860352	17.531105
 623	3.1150e-001	-34.400940	16.091128
 624	3.1200e-001	-36.582947	14.612102
 625	3.1250e-001	-39.268494	13.050093
 626	3.1300e-001	-41.717529	11.385578
 627	3.1350e-001	-44.265747	9.662487
 628	3.1400e-001	-46.493530	7.817365
 629	3.1450e-001	-49.194336	5.942954
 630	3.1500e-001	-51.452637	3.956275
 631	3.1550e-001	-53.985596	1.847563
 632	3.1600e-001	-56.747437	-0.256267
 633	3.1650e-001	-59.097290	-2.413791
 634	3.1700e-001	-61.523438	-4.659179
 635	3.1750e-001	-63.850403	-6.977785
 636	3.1800e-001	-66.604614	-9.252460
 637	3.1850e-001	-68.794250	-11.561304
 638	3.1900e-001	-71.464539	-13.870148
 639	3.1950e-001	-73.875427	-16.218042
 640	3.2000e-001	-76.660156	-18.546411
 641	3.2050e-001	-79.093933	-20.630716
 642	3.2100e-001	-81.764221	-22.846815
 643	3.2150e-001	-84.083557	-24.877426
 644	3.2200e-001	-87.234497	-26.849462
 645	3.2250e-001	-89.195251	-28.528621
 646	3.2300e-001	-91.506958	-30.139443
 647	3.2350e-001	-94.505310	-31.364643
 648	3.2400e-001	-96.817017	-32.477574
 649	3.2450e-001	-99.571228	-33.434304
 650	3.2500e-001	-102.325439	-34.156733
 651	3.2550e-001	-104.675293	-34.708317
 652	3.2600e-001	-107.185364	-35.137870
 653	3.2650e-001	-110.107422	-35.611354
 654	3.2700e-001	-112.152100	-35.918874
 655	3.2750e-001	-114.685059	-36.236157
 656	3.2800e-001	-117.233276	-36.455814
 657	3.2850e-001	-119.628906	-36.685234
 658	3.2900e-001	-122.291565	-36.968349
 659	3.2950e-001	-125.038147	-37.148956
 660	3.3000e-001	-126.945496	-37.436951
 661	3.3050e-001	-129.859924	-37.490645
 662	3.3100e-001	-132.240295	-37.788403
 663	3.3150e-001	-134.803772	-37.895791
 664	3.3200e-001	-137.557983	-38.051992
 665	3.3250e-001	-139.984131	-38.276531
 666	3.3300e-001	-142.036438	-38.476663
 667	3.3350e-001	-144.515991	-38.564526
 668	3.3400e-001	-147.224426	-38.720727
 669	3.3450e-001	-149.765015	-38.867165
 670	3.3500e-001	-152.076721	-39.081941
 671	3.3550e-001	-154.914856	-39.218617
 672	3.3600e-001	-157.394409	-39.330886
 673	3.3650e-001	-159.797668	-39.433393
 674	3.3700e-001	-161.972046	-39.623763
 675	3.3750e-001	-164.733887	-39.828777
 676	3.3800e-001	-167.762756	-39.955690
 677	3.3850e-001	-169.937134	-40.058197
 678	3.3900e-001	-172.180176	-40.180229
 679	3.3950e-001	-174.713135	-40.282735
 680	3.4000e-001	-177.444458	-40.404767
 681	3.4050e-001	-179.649353	-40.531680
 682	3.4100e-001	-182.411194	-40.702525
 683	3.4150e-001	-185.127258	-40.800151
 684	3.4200e-001	-187.156677	-41.019808
 685	3.4250e-001	-189.933777	-41.097909
 686	3.4300e-001	-192.398071	-41.293160
 687	3.4350e-001	-194.618225	-41.376141
 688	3.4400e-001	-197.250366	-41.434717
 689	3.4450e-001	-200.233459	-41.556749
 690	3.4500e-001	-202.316284	-41.669018
 691	3.4550e-001	-204.620361	-41.791050
 692	3.4600e-001	-207.458496	-41.947251
 693	3.4650e-001	-209.938049	-42.030232
 694	3.4700e-001	-212.615967	-42.171789
 695	3.4750e-001	-214.942932	-42.220602
 696	3.4800e-001	-217.140198	-42.420734
 697	3.4850e-001	-219.909668	-42.474429
 698	3.4900e-001	-222.465515	-42.493954
 699	3.4950e-001	-225.059509	-42.698967
 700	3.5000e-001	-227.493286	-42.762424
 701	3.5050e-001	-230.178833	-42.874693
 702	3.5100e-001	-227.249146	-42.889337
 703	3.5150e-001	-224.868774	-42.913743
 704	3.5200e-001	-222.747803	-42.747780
 705	3.5250e-001	-219.871521	-42.757543
 706	3.5300e-001	-217.185974	-42.640392
 707	3.5350e-001	-214.942932	-42.664798
 708	3.5400e-001	-212.455750	-42.606223
 709	3.5450e-001	-209.892273	-42.430497
 710	3.5500e-001	-207.359314	-42.386566
 711	3.5550e-001	-204.917908	-42.318228
 712	3.5600e-001	-202.323914	-42.269415
 713	3.5650e-001	-199.859619	-42.181552
 714	3.5700e-001	-197.143555	-42.142502
 715	3.5750e-001	-194.931030	-42.079045
 716	3.5800e-001	-192.420959	-41.937488
 717	3.5850e-001	-189.727783	-41.913082
 718	3.5900e-001	-187.286377	-41.854506
 719	3.5950e-001	-184.883118	-41.791050
 720	3.6000e-001	-182.434082	-41.625086
 721	3.6050e-001	-179.801941	-41.659255
 722	3.6100e-001	-177.322388	-41.537223
 723	3.6150e-001	-174.758911	-41.556749
 724	3.6200e-001	-172.233582	-41.307803
 725	3.6250e-001	-169.837952	-41.298041
 726	3.6300e-001	-167.236328	-41.229703
 727	3.6350e-001	-164.978027	-41.034452
 728	3.6400e-001	-162.300110	-41.029571
 729	3.6450e-001	-159.988403	-40.980758
 730	3.6500e-001	-157.516479	-40.873370
 731	3.6550e-001	-154.716492	-40.775744
 732	3.6600e-001	-152.244568	-40.751338
 733	3.6650e-001	-149.879456	-40.585374
 734	3.6700e-001	-147.491455	-40.604900
 735	3.6750e-001	-144.966125	-40.409649
 736	3.6800e-001	-142.204285	-40.419411
 737	3.6850e-001	-139.915466	-40.180229
 738	3.6900e-001	-137.191772	-40.219279
 739	3.6950e-001	-135.177612	-40.048434
 740	3.7000e-001	-132.308960	-39.970334
 741	3.7050e-001	-129.783630	-39.897114
 742	3.7100e-001	-127.532959	-39.740914
 743	3.7150e-001	-125.297546	-39.618882
 744	3.7200e-001	-122.390747	-39.614000
 745	3.7250e-001	-120.002747	-39.487087
 746	3.7300e-001	-117.294312	-39.272311
 747	3.7350e-001	-115.066528	-39.272311
 748	3.7400e-001	-112.396240	-39.155160
 749	3.7450e-001	-110.008240	-39.018485
 750	3.7500e-001	-107.063293	-39.028247
 751	3.7550e-001	-104.705811	-38.920859
 752	3.7600e-001	-102.294922	-38.813471
 753	3.7650e-001	-99.876404	-38.681677
 754	3.7700e-001	-97.328186	-38.545001
 755	3.7750e-001	-94.963074	-38.383919
 756	3.7800e-001	-92.544556	-38.349750
 757	3.7850e-001	-89.950562	-38.125211
 758	3.7900e-001	-87.669373	-38.017823
 759	3.7950e-001	-85.044861	-37.978773
 760	3.8000e-001	-82.412720	-37.871385
 761	3.8050e-001	-79.978943	-37.729828
 762	3.8100e-001	-77.453613	-37.661490
 763	3.8150e-001	-74.974060	-37.558983
 764	3.8200e-001	-72.418213	-37.310038
 765	3.8250e-001	-69.992065	-37.280750
 766	3.8300e-001	-67.352295	-37.183125
 767	3.8350e-001	-64.674377	-37.065974
 768	3.8400e-001	-62.477112	-36.841435
 769	3.8450e-001	-60.058594	-36.724285
 770	3.8500e-001	-57.449341	-36.572965
 771	3.8550e-001	-55.328369	-36.514390
 772	3.8600e-001	-52.207947	-36.421646
 773	3.8650e-001	-50.262451	-36.021381
 774	3.8700e-001	-47.561646	-36.045787
 775	3.8750e-001	-45.104980	-35.962806
 776	3.8800e-001	-42.556763	-35.616235
 777	3.8850e-001	-40.184021	-35.640641
 778	3.8900e-001	-37.551880	-35.474678
 779	3.8950e-001	-34.881592	-35.372171
 780	3.9000e-001	-32.424927	-35.176920
 781	3.9050e-001	-30.006409	-35.040244
 782	3.9100e-001	-27.275085	-34.786418
 783	3.9150e-001	-24.871826	-34.713199
 784	3.9200e-001	-22.354126	-34.556998
 785	3.9250e-001	-19.744873	-34.303171
 786	3.9300e-001	-17.753601	-34.200665
 787	3.9350e-001	-14.968872	-33.990770
 788	3.9400e-001	-12.580872	-33.805281
 789	3.9450e-001	-9.819031	-33.722300
 790	3.9500e-001	-7.637024	-33.434304
 791	3.9550e-001	-4.989624	-33.292747
 792	3.9600e-001	-2.288818	-33.126784
 793	3.9650e-001	-0.007629	-32.921770
 794	3.9700e-001	2.716064	-32.726519
 795	3.9750e-001	5.050659	-32.477574
 796	3.9800e-001	7.667542	-32.301848
 797	3.9850e-001	10.070801	-32.013853
 798	3.9900e-001	12.565613	-31.745383
 799	3.9950e-001	15.350342	-31.598944
 800	4.0000e-001	17.265320	-31.330474
 801	4.0050e-001	19.851685	-31.125460

Center data before PMax,±Pr and ±Vc Calc.

PMax (µC/cm2):	4.28e+001
Pr (µC/cm2):	2.90e+001
-Pr (µC/cm2):	-3.11e+001
Vc:	1.15e+000
-Vc:	-5.64e-001
C (Max-Eff) (nF):	1.34e+000
K (Eff):	1.94e+003
Vert. (±Pr) Shift (µC/cm2):	-1.05e+000
Horiz. Shift (±Vc):	2.91e-001
Offset (µC/cm2):	3.39e+001

A (Loop Area - µC/cm2·Volts):	1.15e+002



Hysteresis Version: 5.16.2 - Radiant Technologies, Inc., 1999 - 3/20/18

