»»»»»»»»»»»»»»»»»»»»»»»»»»»»»»»»»»»» Hysteresis ««««««««««««««««««««««««««««««««««««
»»»  Executed Version:	5.16.2
»»»  Vision Version:	5.16.10 (R)
»»»  Vision Compiled:	4/26/18
»»»  Driver Version:	5.16.6
»»»  Windows Version:	Windows 8
»»»  Processor Information:	x86 (AMD or Intel) - 8 Processors
»»»  Tester Name:	PPM21016-863
»»»  Tester S/N:	PPM21016-863
»»»  Internal Amp Type:	 RTI ML200V    
»»»  Internal Amp S/N:	 iAB2-0000     
»»»  Execution Count:	1
»»»»»»»»»»»»»»»»»»»»»»»»»»»»»»»»»»»»»»»»»»««««««««««««««««««««««««««««««««««««««««««

Stored:	7/30/2018 - 20:20:12
Configured:	07/30/18 08:15:35 PM
Executed:	07/30/18 08:19:51 PM

»»»»»»»»»»»»»»»»»»»»»»»»»»»»»»»»»»» Sample Info ««««««««««««««««««««««««««««««««««««
Sample Name:	Internal Reference Cap.
Lot Name:	N/A
Wafer Name:	N/A
Die Row/Column:	0/0
Capacitor Number:	0
Sample Area (cm2):	7.85e-005
Sample Thickness (µm):	1.00e-001

Mux Loop Adjustment:	Disabled

Amplifier:	Internal

»»»»»»»»»»»»»»»»»»»»»»»»»»»»»»»»»»» Tester Info «««««««««««««««««««««««««««««««««««
Tester Name:	PPM21016-863
Tester Serial Number:	PPM21016-863
Return Signal Amp. Level:	0.21 [Index: 2]

»»»»»»»»»»»»»»»»»»»»»»»»»»»»»»»» Hysteresis Info ««««««««««««««««««««««««««««««««««
Task Name:	Hyst-1
Volts:	3.00
Field:	300.00 (kV/cm)
Hysteresis Period (ms):	4.00e-001
Preset:	Enabled
Preset Delay (ms):	1.00e+003
Profile:	Double Bipolar

»»»»»»»»»»»»»»»»»»»»»»»»»»»»»»»»»»»»»» Data «««««««««««««««««««««««««««««««««««««««
Points:	801

Valid Data

Point	Time (ms)	Field (kV/cm)	Measured Polarization
   1	5.0000e-004	0.732422	-36.317717
   2	1.0000e-003	2.731323	-36.210384
   3	1.5000e-003	4.997253	-36.107929
   4	2.0000e-003	8.995056	-36.024990
   5	2.5000e-003	12.084961	-35.834717
   6	3.0000e-003	15.037537	-35.732262
   7	3.5000e-003	17.730713	-35.454171
   8	4.0000e-003	20.858765	-35.146808
   9	4.5000e-003	23.788452	-34.863838
  10	5.0000e-003	26.931763	-34.527201
  11	5.5000e-003	30.174255	-34.132019
  12	6.0000e-003	33.050537	-33.673413
  13	6.5000e-003	35.614014	-33.156261
  14	7.0000e-003	38.658142	-32.473230
  15	7.5000e-003	41.816711	-31.882897
  16	8.0000e-003	44.342041	-31.204745
  17	8.5000e-003	47.500610	-30.316805
  18	9.0000e-003	50.567627	-29.404471
  19	9.5000e-003	53.413391	-28.355531
  20	1.0000e-002	56.594849	-27.228530
  21	1.0500e-002	59.425354	-25.984439
  22	1.1000e-002	62.431335	-24.598862
  23	1.1500e-002	65.414429	-23.066922
  24	1.2000e-002	68.092346	-21.364224
  25	1.2500e-002	71.060181	-19.456617
  26	1.3000e-002	73.959351	-17.231888
  27	1.3500e-002	77.026367	-14.826645
  28	1.4000e-002	79.811096	-12.216492
  29	1.4500e-002	82.885742	-9.308732
  30	1.5000e-002	85.502625	-6.157034
  31	1.5500e-002	88.485718	-2.644305
  32	1.6000e-002	91.377258	1.112364
  33	1.6500e-002	94.314575	5.147124
  34	1.7000e-002	97.000122	9.318490
  35	1.7500e-002	100.296021	13.967978
  36	1.8000e-002	103.164673	18.583313
  37	1.8500e-002	105.941772	23.384043
  38	1.9000e-002	109.107971	28.272592
  39	1.9500e-002	112.182617	32.995261
  40	2.0000e-002	115.356445	37.449597
  41	2.0500e-002	118.469238	41.377023
  42	2.1000e-002	121.627808	44.714116
  43	2.1500e-002	125.457764	46.729057
  44	2.2000e-002	128.974915	47.714572
  45	2.2500e-002	132.148743	48.304906
  46	2.3000e-002	134.780884	48.558603
  47	2.3500e-002	138.023376	48.797664
  48	2.4000e-002	141.090393	49.051361
  49	2.4500e-002	143.882751	49.334331
  50	2.5000e-002	146.842957	49.387997
  51	2.5500e-002	149.871826	49.636816
  52	2.6000e-002	152.778625	49.846604
  53	2.6500e-002	155.929565	49.997846
  54	2.7000e-002	159.027100	50.090543
  55	2.7500e-002	161.735535	50.300331
  56	2.8000e-002	164.970398	50.402786
  57	2.8500e-002	168.022156	50.475968
  58	2.9000e-002	170.860291	50.744301
  59	2.9500e-002	174.118042	50.846756
  60	3.0000e-002	176.788330	50.915059
  61	3.0500e-002	179.809570	51.124847
  62	3.1000e-002	182.945251	51.168756
  63	3.1500e-002	186.065674	51.412696
  64	3.2000e-002	188.835144	51.500514
  65	3.2500e-002	191.574097	51.593211
  66	3.3000e-002	194.931030	51.627362
  67	3.3500e-002	198.150635	51.773726
  68	3.4000e-002	200.790405	51.963999
  69	3.4500e-002	204.010010	52.056696
  70	3.5000e-002	206.779480	52.154272
  71	3.5500e-002	209.907532	52.237211
  72	3.6000e-002	213.119507	52.315272
  73	3.6500e-002	215.660095	52.378696
  74	3.7000e-002	218.856812	52.578726
  75	3.7500e-002	221.870422	52.690939
  76	3.8000e-002	224.761963	52.808030
  77	3.8500e-002	227.943420	52.900727
  78	3.9000e-002	230.926514	53.051969
  79	3.9500e-002	233.779907	53.042212
  80	4.0000e-002	237.052917	53.198333
  81	4.0500e-002	239.784241	53.334939
  82	4.1000e-002	242.835999	53.437394
  83	4.1500e-002	245.803833	53.413000
  84	4.2000e-002	249.061584	53.603272
  85	4.2500e-002	251.899719	53.652060
  86	4.3000e-002	254.692078	53.856970
  87	4.3500e-002	258.026123	53.827697
  88	4.4000e-002	260.856628	54.017970
  89	4.4500e-002	263.969421	54.057000
  90	4.5000e-002	266.807556	54.188727
  91	4.5500e-002	269.699097	54.271667
  92	4.6000e-002	272.613525	54.408273
  93	4.6500e-002	275.978088	54.496091
  94	4.7000e-002	278.892517	54.618061
  95	4.7500e-002	281.669617	54.720516
  96	4.8000e-002	285.377502	54.779061
  97	4.8500e-002	287.940979	54.857122
  98	4.9000e-002	290.977478	54.901031
  99	4.9500e-002	293.975830	55.042516
 100	5.0000e-002	296.867371	55.101061
 101	5.0500e-002	299.850464	55.198637
 102	5.1000e-002	297.477722	55.188879
 103	5.1500e-002	293.960571	55.135213
 104	5.2000e-002	291.801453	55.105940
 105	5.2500e-002	288.894653	55.018122
 106	5.3000e-002	285.461426	54.910788
 107	5.3500e-002	281.974792	54.905910
 108	5.4000e-002	279.594421	54.847364
 109	5.4500e-002	276.176453	54.774182
 110	5.5000e-002	273.338318	54.661970
 111	5.5500e-002	270.492554	54.540000
 112	5.6000e-002	267.105103	54.510728
 113	5.6500e-002	263.961792	54.422909
 114	5.7000e-002	261.421204	54.349727
 115	5.7500e-002	258.384705	54.286303
 116	5.8000e-002	255.378723	54.203364
 117	5.8500e-002	252.464294	54.169212
 118	5.9000e-002	249.160767	54.086273
 119	5.9500e-002	246.490479	54.008212
 120	6.0000e-002	243.164063	53.817939
 121	6.0500e-002	239.807129	53.778909
 122	6.1000e-002	237.274170	53.681333
 123	6.1500e-002	234.329224	53.627666
 124	6.2000e-002	231.323242	53.534969
 125	6.2500e-002	228.195190	53.408121
 126	6.3000e-002	225.349426	53.315424
 127	6.3500e-002	222.396851	53.281272
 128	6.4000e-002	219.116211	53.198333
 129	6.4500e-002	216.392517	53.154424
 130	6.5000e-002	213.256836	52.939757
 131	6.5500e-002	210.060120	52.881211
 132	6.6000e-002	207.374573	52.798272
 133	6.6500e-002	204.421997	52.700696
 134	6.7000e-002	201.049805	52.661666
 135	6.7500e-002	198.059082	52.612878
 136	6.8000e-002	195.053101	52.486029
 137	6.8500e-002	192.123413	52.300635
 138	6.9000e-002	189.498901	52.310393
 139	6.9500e-002	186.264038	52.178666
 140	7.0000e-002	182.846069	52.090847
 141	7.0500e-002	180.206299	51.963999
 142	7.1000e-002	177.299500	51.842029
 143	7.1500e-002	174.377441	51.695665
 144	7.2000e-002	171.562195	51.641999
 145	7.2500e-002	168.197632	51.573696
 146	7.3000e-002	165.267944	51.485877
 147	7.3500e-002	162.246704	51.383423
 148	7.4000e-002	159.194946	51.232180
 149	7.4500e-002	156.387329	51.168756
 150	7.5000e-002	153.396606	51.027271
 151	7.5500e-002	150.222778	50.939453
 152	7.6000e-002	147.033691	50.832119
 153	7.6500e-002	144.454956	50.680877
 154	7.7000e-002	141.036987	50.597937
 155	7.7500e-002	138.237000	50.436937
 156	7.8000e-002	135.246277	50.402786
 157	7.8500e-002	132.141113	50.197877
 158	7.9000e-002	129.310608	50.202755
 159	7.9500e-002	126.296997	49.997846
 160	8.0000e-002	123.222351	49.944180
 161	8.0500e-002	120.033264	49.739270
 162	8.1000e-002	117.362976	49.690482
 163	8.1500e-002	114.089966	49.544119
 164	8.2000e-002	111.145020	49.378240
 165	8.2500e-002	108.940125	49.319694
 166	8.3000e-002	105.033875	49.173331
 167	8.3500e-002	101.966858	49.022088
 168	8.4000e-002	99.105835	48.968421
 169	8.4500e-002	96.244812	48.773270
 170	8.5000e-002	92.987061	48.729361
 171	8.5500e-002	90.423584	48.548845
 172	8.6000e-002	87.265015	48.461027
 173	8.6500e-002	84.243774	48.251239
 174	8.7000e-002	81.298828	48.148785
 175	8.7500e-002	78.056335	47.982906
 176	8.8000e-002	75.042725	47.870694
 177	8.8500e-002	71.754456	47.782875
 178	8.9000e-002	69.175720	47.577966
 179	8.9500e-002	66.146851	47.421845
 180	9.0000e-002	63.095093	47.348663
 181	9.0500e-002	60.066223	47.114481
 182	9.1000e-002	57.128906	47.026663
 183	9.1500e-002	54.100037	46.841269
 184	9.2000e-002	51.200867	46.690026
 185	9.2500e-002	48.110962	46.582693
 186	9.3000e-002	45.204163	46.397299
 187	9.3500e-002	42.068481	46.192390
 188	9.4000e-002	39.634705	46.050905
 189	9.4500e-002	36.224365	45.938692
 190	9.5000e-002	33.439636	45.782571
 191	9.5500e-002	30.212402	45.582541
 192	9.6000e-002	27.153015	45.397147
 193	9.6500e-002	23.956299	45.177601
 194	9.7000e-002	21.217346	44.962934
 195	9.7500e-002	18.074036	44.850722
 196	9.8000e-002	15.220642	44.689722
 197	9.8500e-002	12.313843	44.362843
 198	9.9000e-002	9.361267	44.265267
 199	9.9500e-002	6.263733	44.040843
 200	1.0000e-001	2.922058	43.772509
 201	1.0050e-001	0.282288	43.523691
 202	1.0100e-001	-2.883911	43.250479
 203	1.0150e-001	-5.638123	42.865054
 204	1.0200e-001	-8.872986	42.562569
 205	1.0250e-001	-11.558533	42.079569
 206	1.0300e-001	-14.846802	41.430690
 207	1.0350e-001	-17.227173	40.674477
 208	1.0400e-001	-20.492554	39.645053
 209	1.0450e-001	-23.246765	38.308264
 210	1.0500e-001	-26.138306	36.625081
 211	1.0550e-001	-29.098511	34.605262
 212	1.0600e-001	-31.791687	31.985351
 213	1.0650e-001	-34.690857	28.999531
 214	1.0700e-001	-37.109375	25.540469
 215	1.0750e-001	-40.420532	21.559376
 216	1.0800e-001	-43.121338	17.231888
 217	1.0850e-001	-45.951843	12.343340
 218	1.0900e-001	-48.690796	7.088883
 219	1.0950e-001	-51.902771	1.683183
 220	1.1000e-001	-54.718018	-3.946942
 221	1.1050e-001	-57.907104	-9.752702
 222	1.1100e-001	-60.508728	-15.124251
 223	1.1150e-001	-64.155579	-20.198193
 224	1.1200e-001	-67.443848	-24.501286
 225	1.1250e-001	-71.014404	-27.901804
 226	1.1300e-001	-74.157715	-30.790048
 227	1.1350e-001	-77.842712	-33.122109
 228	1.1400e-001	-80.619812	-34.854080
 229	1.1450e-001	-83.534241	-36.361626
 230	1.1500e-001	-86.532593	-37.766718
 231	1.1550e-001	-89.576721	-38.805901
 232	1.1600e-001	-92.155457	-39.693840
 233	1.1650e-001	-95.954895	-40.542750
 234	1.1700e-001	-98.594666	-41.235538
 235	1.1750e-001	-101.707458	-41.869781
 236	1.1800e-001	-104.850769	-42.474751
 237	1.1850e-001	-107.566833	-42.938236
 238	1.1900e-001	-110.458374	-43.416358
 239	1.1950e-001	-113.868713	-43.874964
 240	1.2000e-001	-117.019653	-44.221358
 241	1.2050e-001	-119.819641	-44.592146
 242	1.2100e-001	-123.046875	-44.997086
 243	1.2150e-001	-125.793457	-45.211753
 244	1.2200e-001	-128.868103	-45.650844
 245	1.2250e-001	-131.683350	-46.006996
 246	1.2300e-001	-134.757996	-46.260693
 247	1.2350e-001	-138.038635	-46.582693
 248	1.2400e-001	-140.686035	-46.811996
 249	1.2450e-001	-144.065857	-47.026663
 250	1.2500e-001	-146.812439	-47.373057
 251	1.2550e-001	-149.734497	-47.602360
 252	1.2600e-001	-152.893066	-47.846300
 253	1.2650e-001	-155.822754	-48.075603
 254	1.2700e-001	-158.905029	-48.353694
 255	1.2750e-001	-161.964417	-48.587876
 256	1.2800e-001	-164.833069	-48.675694
 257	1.2850e-001	-167.938232	-49.065997
 258	1.2900e-001	-170.471191	-49.061118
 259	1.2950e-001	-173.545837	-49.309937
 260	1.3000e-001	-176.742554	-49.627058
 261	1.3050e-001	-179.924011	-49.695361
 262	1.3100e-001	-182.945251	-49.910028
 263	1.3150e-001	-186.027527	-50.090543
 264	1.3200e-001	-188.819885	-50.197877
 265	1.3250e-001	-191.795349	-50.485725
 266	1.3300e-001	-194.671631	-50.646725
 267	1.3350e-001	-198.051453	-50.812604
 268	1.3400e-001	-200.897217	-50.954089
 269	1.3450e-001	-203.720093	-51.173635
 270	1.3500e-001	-207.061768	-51.217544
 271	1.3550e-001	-210.052490	-51.422453
 272	1.3600e-001	-212.615967	-51.593211
 273	1.3650e-001	-216.026306	-51.720059
 274	1.3700e-001	-219.177246	-51.876181
 275	1.3750e-001	-222.099304	-52.046938
 276	1.3800e-001	-224.960327	-52.115241
 277	1.3850e-001	-228.073120	-52.344545
 278	1.3900e-001	-230.636597	-52.451878
 279	1.3950e-001	-234.008789	-52.617757
 280	1.4000e-001	-237.854004	-52.729969
 281	1.4050e-001	-239.929199	-52.910484
 282	1.4100e-001	-242.736816	-52.905605
 283	1.4150e-001	-245.948792	-53.183696
 284	1.4200e-001	-248.947144	-53.349575
 285	1.4250e-001	-252.311707	-53.437394
 286	1.4300e-001	-254.959106	-53.549606
 287	1.4350e-001	-257.965088	-53.700848
 288	1.4400e-001	-261.276245	-53.891121
 289	1.4450e-001	-264.083862	-53.837454
 290	1.4500e-001	-266.647339	-54.037485
 291	1.4550e-001	-269.950867	-54.178970
 292	1.4600e-001	-273.056030	-54.286303
 293	1.4650e-001	-275.787354	-54.427788
 294	1.4700e-001	-278.800964	-54.544879
 295	1.4750e-001	-282.104492	-54.627819
 296	1.4800e-001	-284.690857	-54.793697
 297	1.4850e-001	-288.269043	-54.881516
 298	1.4900e-001	-290.946960	-55.008364
 299	1.4950e-001	-293.937683	-55.169364
 300	1.5000e-001	-296.974182	-55.169364
 301	1.5050e-001	-300.170898	-55.384031
 302	1.5100e-001	-297.599792	-55.262061
 303	1.5150e-001	-294.342041	-55.247425
 304	1.5200e-001	-291.389465	-55.198637
 305	1.5250e-001	-288.337708	-55.149849
 306	1.5300e-001	-285.270691	-55.018122
 307	1.5350e-001	-282.379150	-54.954697
 308	1.5400e-001	-279.251099	-54.930304
 309	1.5450e-001	-276.535034	-54.803455
 310	1.5500e-001	-273.445129	-54.691243
 311	1.5550e-001	-270.393372	-54.622940
 312	1.5600e-001	-267.440796	-54.559515
 313	1.5650e-001	-264.335632	-54.486334
 314	1.5700e-001	-261.093140	-54.398515
 315	1.5750e-001	-258.499146	-54.271667
 316	1.5800e-001	-255.416870	-54.237515
 317	1.5850e-001	-252.227783	-54.139939
 318	1.5900e-001	-249.557495	-54.017970
 319	1.5950e-001	-247.360229	-53.983818
 320	1.6000e-001	-243.873596	-53.842333
 321	1.6050e-001	-240.493774	-53.715485
 322	1.6100e-001	-237.167358	-53.656939
 323	1.6150e-001	-234.054565	-53.593515
 324	1.6200e-001	-231.361389	-53.461788
 325	1.6250e-001	-228.614807	-53.388606
 326	1.6300e-001	-225.074768	-53.354454
 327	1.6350e-001	-222.190857	-53.183696
 328	1.6400e-001	-219.314575	-53.198333
 329	1.6450e-001	-216.255188	-52.969030
 330	1.6500e-001	-213.104248	-52.900727
 331	1.6550e-001	-210.456848	-52.817787
 332	1.6600e-001	-207.260132	-52.773878
 333	1.6650e-001	-204.307556	-52.583605
 334	1.6700e-001	-201.393127	-52.564090
 335	1.6750e-001	-198.089600	-52.451878
 336	1.6800e-001	-195.442200	-52.281120
 337	1.6850e-001	-192.100525	-52.242090
 338	1.6900e-001	-189.178467	-52.066453
 339	1.6950e-001	-186.019897	-51.968878
 340	1.7000e-001	-183.151245	-51.788362
 341	1.7050e-001	-180.046082	-51.763968
 342	1.7100e-001	-177.154541	-51.724938
 343	1.7150e-001	-174.613953	-51.500514
 344	1.7200e-001	-171.379089	-51.485877
 345	1.7250e-001	-168.136597	-51.173635
 346	1.7300e-001	-165.290833	-51.115089
 347	1.7350e-001	-162.055969	-51.149241
 348	1.7400e-001	-158.973694	-50.841877
 349	1.7450e-001	-156.303406	-50.802847
 350	1.7500e-001	-152.282715	-50.705271
 351	1.7550e-001	-149.925232	-50.583301
 352	1.7600e-001	-147.117615	-50.436937
 353	1.7650e-001	-144.371033	-50.310089
 354	1.7700e-001	-141.220093	-50.129574
 355	1.7750e-001	-138.061523	-50.027119
 356	1.7800e-001	-135.284424	-49.919786
 357	1.7850e-001	-132.225037	-49.700240
 358	1.7900e-001	-129.432678	-49.588028
 359	1.7950e-001	-126.319885	-49.509967
 360	1.8000e-001	-123.023987	-49.236755
 361	1.8050e-001	-120.193481	-49.197725
 362	1.8100e-001	-116.973877	-49.202603
 363	1.8150e-001	-114.257813	-48.909876
 364	1.8200e-001	-111.320496	-48.685452
 365	1.8250e-001	-108.085632	-48.602512
 366	1.8300e-001	-105.041504	-48.426876
 367	1.8350e-001	-101.997375	-48.260997
 368	1.8400e-001	-99.082947	-48.060966
 369	1.8450e-001	-95.863342	-47.787754
 370	1.8500e-001	-93.063354	-47.860936
 371	1.8550e-001	-89.851379	-47.597481
 372	1.8600e-001	-87.188721	-47.324269
 373	1.8650e-001	-84.190369	-47.255966
 374	1.8700e-001	-81.092834	-47.036420
 375	1.8750e-001	-78.315735	-46.782723
 376	1.8800e-001	-74.974060	-46.690026
 377	1.8850e-001	-72.273254	-46.529026
 378	1.8900e-001	-69.213867	-46.231420
 379	1.8950e-001	-66.238403	-46.075299
 380	1.9000e-001	-63.667297	-45.928935
 381	1.9050e-001	-60.905457	-45.577662
 382	1.9100e-001	-57.525635	-45.362995
 383	1.9150e-001	-53.810120	-45.280056
 384	1.9200e-001	-51.116943	-44.933662
 385	1.9250e-001	-47.882080	-44.767783
 386	1.9300e-001	-44.883728	-44.597025
 387	1.9350e-001	-41.992188	-44.240873
 388	1.9400e-001	-39.299011	-44.045722
 389	1.9450e-001	-36.163330	-43.796903
 390	1.9500e-001	-33.020020	-43.460267
 391	1.9550e-001	-30.174255	-43.196812
 392	1.9600e-001	-27.114868	-43.069964
 393	1.9650e-001	-24.063110	-42.601600
 394	1.9700e-001	-21.057129	-42.269842
 395	1.9750e-001	-18.157959	-42.016145
 396	1.9800e-001	-15.159607	-41.591690
 397	1.9850e-001	-12.161255	-41.211144
 398	1.9900e-001	-8.895874	-40.830599
 399	1.9950e-001	-5.973816	-40.396386
 400	2.0000e-001	-3.143311	-39.884113
 401	2.0050e-001	-0.259399	-39.571871
 402	2.0100e-001	2.792358	-38.991295
 403	2.0150e-001	5.363464	-38.566840
 404	2.0200e-001	8.796692	-37.956991
 405	2.0250e-001	11.985779	-37.434960
 406	2.0300e-001	14.671326	-36.937324
 407	2.0350e-001	17.723083	-36.444566
 408	2.0400e-001	20.713806	-35.883505
 409	2.0450e-001	23.483276	-35.361474
 410	2.0500e-001	26.802063	-34.927262
 411	2.0550e-001	29.731750	-34.327171
 412	2.0600e-001	32.234192	-33.810019
 413	2.0650e-001	35.026550	-33.302625
 414	2.0700e-001	38.650513	-32.580564
 415	2.0750e-001	41.519165	-31.848745
 416	2.0800e-001	44.677734	-31.097411
 417	2.0850e-001	47.134399	-30.199714
 418	2.0900e-001	50.682068	-29.219077
 419	2.0950e-001	53.718567	-28.257955
 420	2.1000e-001	56.457520	-26.969955
 421	2.1050e-001	59.310913	-25.623408
 422	2.1100e-001	62.355042	-24.189044
 423	2.1150e-001	65.452576	-22.437558
 424	2.1200e-001	68.130493	-20.510436
 425	2.1250e-001	70.953369	-18.417435
 426	2.1300e-001	74.302673	-15.943888
 427	2.1350e-001	77.079773	-13.426432
 428	2.1400e-001	80.070496	-10.572339
 429	2.1450e-001	82.717896	-7.484065
 430	2.1500e-001	85.670471	-4.000608
 431	2.1550e-001	88.378906	-0.375667
 432	2.1600e-001	91.522217	3.717638
 433	2.1650e-001	94.070435	7.957307
 434	2.1700e-001	97.404480	12.353098
 435	2.1750e-001	100.326538	17.153828
 436	2.1800e-001	103.179932	21.974073
 437	2.1850e-001	106.094360	26.716257
 438	2.1900e-001	109.184265	31.663351
 439	2.1950e-001	112.358093	36.264051
 440	2.2000e-001	115.501404	40.459811
 441	2.2050e-001	119.102478	43.957903
 442	2.2100e-001	122.383118	46.343632
 443	2.2150e-001	125.923157	47.519421
 444	2.2200e-001	128.997803	48.168300
 445	2.2250e-001	131.637573	48.597633
 446	2.2300e-001	134.849548	48.831815
 447	2.2350e-001	137.802124	49.134300
 448	2.2400e-001	140.937805	49.324573
 449	2.2450e-001	143.547058	49.470937
 450	2.2500e-001	147.003174	49.607543
 451	2.2550e-001	149.871826	49.802695
 452	2.2600e-001	152.755737	49.910028
 453	2.2650e-001	156.044006	50.217392
 454	2.2700e-001	158.836365	50.266180
 455	2.2750e-001	161.613464	50.353998
 456	2.2800e-001	165.336609	50.573544
 457	2.2850e-001	168.083191	50.710150
 458	2.2900e-001	170.860291	50.797968
 459	2.2950e-001	174.240112	50.988241
 460	2.3000e-001	176.872253	51.090695
 461	2.3050e-001	179.710388	51.222423
 462	2.3100e-001	182.701111	51.388302
 463	2.3150e-001	186.065674	51.451726
 464	2.3200e-001	188.812256	51.515150
 465	2.3250e-001	191.787720	51.612726
 466	2.3300e-001	195.106506	51.798120
 467	2.3350e-001	198.051453	51.963999
 468	2.3400e-001	201.065063	52.124999
 469	2.3450e-001	203.796387	52.154272
 470	2.3500e-001	206.878662	52.217696
 471	2.3550e-001	210.166931	52.417726
 472	2.3600e-001	212.738037	52.481151
 473	2.3650e-001	216.377258	52.666545
 474	2.3700e-001	219.367981	52.686060
 475	2.3750e-001	221.847534	52.856818
 476	2.3800e-001	224.937439	52.851939
 477	2.3850e-001	227.928162	53.051969
 478	2.3900e-001	231.071472	53.183696
 479	2.3950e-001	233.627319	53.144666
 480	2.4000e-001	237.251282	53.325181
 481	2.4050e-001	240.165710	53.437394
 482	2.4100e-001	242.935181	53.471545
 483	2.4150e-001	246.032715	53.569121
 484	2.4200e-001	248.802185	53.720363
 485	2.4250e-001	251.991272	53.783788
 486	2.4300e-001	254.806519	54.008212
 487	2.4350e-001	257.858276	54.017970
 488	2.4400e-001	260.856628	54.076515
 489	2.4450e-001	264.099121	54.154576
 490	2.4500e-001	266.799927	54.218000
 491	2.4550e-001	269.645691	54.354606
 492	2.4600e-001	273.147583	54.393637
 493	2.4650e-001	276.023865	54.544879
 494	2.4700e-001	278.945923	54.583909
 495	2.4750e-001	282.249451	54.818091
 496	2.4800e-001	284.713745	54.881516
 497	2.4850e-001	288.200378	54.935182
 498	2.4900e-001	290.969849	55.110819
 499	2.4950e-001	293.769836	55.115698
 500	2.5000e-001	296.890259	55.237667
 501	2.5050e-001	300.041199	55.315728
 502	2.5100e-001	297.500610	55.198637
 503	2.5150e-001	294.265747	55.096182
 504	2.5200e-001	290.473938	55.096182
 505	2.5250e-001	287.834167	55.081546
 506	2.5300e-001	285.484314	54.969334
 507	2.5350e-001	282.318115	54.920546
 508	2.5400e-001	279.304504	54.871758
 509	2.5450e-001	276.908875	54.676606
 510	2.5500e-001	273.223877	54.740031
 511	2.5550e-001	270.202637	54.705879
 512	2.5600e-001	267.356873	54.515606
 513	2.5650e-001	264.419556	54.461940
 514	2.5700e-001	261.161804	54.461940
 515	2.5750e-001	258.071899	54.271667
 516	2.5800e-001	255.424500	54.208243
 517	2.5850e-001	252.189636	54.110667
 518	2.5900e-001	249.267578	54.076515
 519	2.5950e-001	246.482849	53.983818
 520	2.6000e-001	243.209839	54.017970
 521	2.6050e-001	240.310669	53.842333
 522	2.6100e-001	237.380981	53.813060
 523	2.6150e-001	234.100342	53.778909
 524	2.6200e-001	231.277466	53.593515
 525	2.6250e-001	228.507996	53.564242
 526	2.6300e-001	225.227356	53.393484
 527	2.6350e-001	222.229004	53.344697
 528	2.6400e-001	219.459534	53.286151
 529	2.6450e-001	215.934753	53.178818
 530	2.6500e-001	213.394165	53.027575
 531	2.6550e-001	210.227966	53.008060
 532	2.6600e-001	207.336426	52.890969
 533	2.6650e-001	203.979492	52.788514
 534	2.6700e-001	201.217651	52.778757
 535	2.6750e-001	198.394775	52.681181
 536	2.6800e-001	195.426941	52.481151
 537	2.6850e-001	192.146301	52.398211
 538	2.6900e-001	189.270020	52.359181
 539	2.6950e-001	186.126709	52.222575
 540	2.7000e-001	183.288574	52.198181
 541	2.7050e-001	180.183411	52.051817
 542	2.7100e-001	177.299500	51.832271
 543	2.7150e-001	174.308777	51.827393
 544	2.7200e-001	171.142578	51.744453
 545	2.7250e-001	168.090820	51.646877
 546	2.7300e-001	165.023804	51.422453
 547	2.7350e-001	162.162781	51.427332
 548	2.7400e-001	159.301758	51.227301
 549	2.7450e-001	156.234741	51.222423
 550	2.7500e-001	153.152466	51.071180
 551	2.7550e-001	150.314331	50.949210
 552	2.7600e-001	147.247314	50.866271
 553	2.7650e-001	143.905640	50.768695
 554	2.7700e-001	141.250610	50.578422
 555	2.7750e-001	138.114929	50.475968
 556	2.7800e-001	135.238647	50.353998
 557	2.7850e-001	132.362366	50.241786
 558	2.7900e-001	129.043579	50.217392
 559	2.7950e-001	126.419067	50.071028
 560	2.8000e-001	123.237610	49.929543
 561	2.8050e-001	120.101929	49.870998
 562	2.8100e-001	117.240906	49.705119
 563	2.8150e-001	114.318848	49.749028
 564	2.8200e-001	111.686707	49.446543
 565	2.8250e-001	108.291626	49.314816
 566	2.8300e-001	105.102539	49.178209
 567	2.8350e-001	102.394104	49.148937
 568	2.8400e-001	99.151611	49.002573
 569	2.8450e-001	96.122742	48.856209
 570	2.8500e-001	93.070984	48.636664
 571	2.8550e-001	90.034485	48.612270
 572	2.8600e-001	86.967468	48.387845
 573	2.8650e-001	84.068298	48.304906
 574	2.8700e-001	81.245422	48.226845
 575	2.8750e-001	78.147888	47.973148
 576	2.8800e-001	75.035095	47.914603
 577	2.8850e-001	72.158813	47.724330
 578	2.8900e-001	69.160461	47.616996
 579	2.8950e-001	65.902710	47.426724
 580	2.9000e-001	62.950134	47.246208
 581	2.9050e-001	60.256958	47.148633
 582	2.9100e-001	57.289124	47.041299
 583	2.9150e-001	54.100037	46.831511
 584	2.9200e-001	51.124573	46.665632
 585	2.9250e-001	48.156738	46.563178
 586	2.9300e-001	45.265198	46.377784
 587	2.9350e-001	42.259216	46.216783
 588	2.9400e-001	38.955688	46.094814
 589	2.9450e-001	36.132813	45.909420
 590	2.9500e-001	33.103943	45.694753
 591	2.9550e-001	30.151367	45.641086
 592	2.9600e-001	27.351379	45.436177
 593	2.9650e-001	24.589539	45.109298
 594	2.9700e-001	21.110535	44.997086
 595	2.9750e-001	17.967224	44.782419
 596	2.9800e-001	15.068054	44.650692
 597	2.9850e-001	12.084961	44.411631
 598	2.9900e-001	9.033203	44.265267
 599	2.9950e-001	6.118774	43.933509
 600	3.0000e-001	2.937317	43.796903
 601	3.0050e-001	0.175476	43.562721
 602	3.0100e-001	-2.487183	43.216327
 603	3.0150e-001	-5.889893	43.035812
 604	3.0200e-001	-8.796692	42.577206
 605	3.0250e-001	-11.589050	42.069811
 606	3.0300e-001	-14.533997	41.542902
 607	3.0350e-001	-17.570496	40.733023
 608	3.0400e-001	-20.324707	39.742628
 609	3.0450e-001	-23.460388	38.498537
 610	3.0500e-001	-26.092529	36.820233
 611	3.0550e-001	-29.129028	34.766262
 612	3.0600e-001	-31.982422	32.278079
 613	3.0650e-001	-34.904480	29.433744
 614	3.0700e-001	-37.483215	25.940530
 615	3.0750e-001	-40.130615	22.144831
 616	3.0800e-001	-43.251038	17.797828
 617	3.0850e-001	-45.936584	13.045886
 618	3.0900e-001	-48.767090	7.771913
 619	3.0950e-001	-51.902771	2.293032
 620	3.1000e-001	-54.504395	-3.302941
 621	3.1050e-001	-57.929993	-8.986732
 622	3.1100e-001	-61.729431	-14.519281
 623	3.1150e-001	-64.308167	-19.539556
 624	3.1200e-001	-67.588806	-23.813377
 625	3.1250e-001	-70.983887	-27.472470
 626	3.1300e-001	-73.768616	-30.424138
 627	3.1350e-001	-77.369690	-32.736685
 628	3.1400e-001	-80.314636	-34.600383
 629	3.1450e-001	-83.404541	-36.225020
 630	3.1500e-001	-86.639404	-37.469112
 631	3.1550e-001	-89.538574	-38.600991
 632	3.1600e-001	-92.582703	-39.557234
 633	3.1650e-001	-95.748901	-40.386629
 634	3.1700e-001	-98.663330	-41.152599
 635	3.1750e-001	-101.753235	-41.718539
 636	3.1800e-001	-104.820251	-42.333266
 637	3.1850e-001	-107.833862	-42.889448
 638	3.1900e-001	-110.420227	-43.328539
 639	3.1950e-001	-113.937378	-43.762752
 640	3.2000e-001	-116.920471	-44.094510
 641	3.2050e-001	-119.750977	-44.543358
 642	3.2100e-001	-122.817993	-44.899510
 643	3.2150e-001	-125.854492	-45.236147
 644	3.2200e-001	-128.753662	-45.660601
 645	3.2250e-001	-131.896973	-45.885026
 646	3.2300e-001	-134.704590	-46.236299
 647	3.2350e-001	-137.786865	-46.597329
 648	3.2400e-001	-140.739441	-46.719299
 649	3.2450e-001	-143.783569	-47.041299
 650	3.2500e-001	-146.903992	-47.304754
 651	3.2550e-001	-149.841309	-47.577966
 652	3.2600e-001	-152.557373	-47.704815
 653	3.2650e-001	-155.227661	-47.973148
 654	3.2700e-001	-158.653259	-48.280512
 655	3.2750e-001	-161.804199	-48.524451
 656	3.2800e-001	-164.825439	-48.675694
 657	3.2850e-001	-168.220520	-48.939149
 658	3.2900e-001	-170.936584	-49.095270
 659	3.2950e-001	-173.675537	-49.324573
 660	3.3000e-001	-176.872253	-49.475816
 661	3.3050e-001	-180.023193	-49.724634
 662	3.3100e-001	-182.624817	-49.919786
 663	3.3150e-001	-186.050415	-50.046634
 664	3.3200e-001	-188.919067	-50.173483
 665	3.3250e-001	-191.642761	-50.378392
 666	3.3300e-001	-195.159912	-50.505240
 667	3.3350e-001	-197.822571	-50.715028
 668	3.3400e-001	-200.737000	-50.778453
 669	3.3450e-001	-203.887939	-50.958968
 670	3.3500e-001	-206.787109	-51.188271
 671	3.3550e-001	-209.960938	-51.319998
 672	3.3600e-001	-212.554932	-51.539544
 673	3.3650e-001	-216.018677	-51.563938
 674	3.3700e-001	-218.765259	-51.817635
 675	3.3750e-001	-222.091675	-51.978635
 676	3.3800e-001	-225.135803	-52.046938
 677	3.3850e-001	-227.684021	-52.261605
 678	3.3900e-001	-231.040955	-52.354302
 679	3.3950e-001	-233.917236	-52.549454
 680	3.4000e-001	-236.686707	-52.720211
 681	3.4050e-001	-239.471436	-52.856818
 682	3.4100e-001	-243.026733	-52.964151
 683	3.4150e-001	-246.192932	-53.086121
 684	3.4200e-001	-249.107361	-53.247121
 685	3.4250e-001	-252.113342	-53.393484
 686	3.4300e-001	-254.783630	-53.525212
 687	3.4350e-001	-257.751465	-53.534969
 688	3.4400e-001	-260.795593	-53.730121
 689	3.4450e-001	-264.038086	-53.822818
 690	3.4500e-001	-266.937256	-53.944788
 691	3.4550e-001	-269.943237	-54.105788
 692	3.4600e-001	-272.850037	-54.242394
 693	3.4650e-001	-276.084900	-54.320455
 694	3.4700e-001	-279.357910	-54.486334
 695	3.4750e-001	-281.913757	-54.613182
 696	3.4800e-001	-284.805298	-54.793697
 697	3.4850e-001	-288.093567	-54.803455
 698	3.4900e-001	-290.893555	-54.925425
 699	3.4950e-001	-294.059753	-55.027879
 700	3.5000e-001	-297.019958	-55.218152
 701	3.5050e-001	-300.003052	-55.315728
 702	3.5100e-001	-297.912598	-55.227910
 703	3.5150e-001	-294.349670	-55.149849
 704	3.5200e-001	-291.213989	-55.144970
 705	3.5250e-001	-288.307190	-55.003485
 706	3.5300e-001	-285.453796	-54.993728
 707	3.5350e-001	-282.165527	-54.871758
 708	3.5400e-001	-279.434204	-54.822970
 709	3.5450e-001	-276.512146	-54.686364
 710	3.5500e-001	-273.262024	-54.652212
 711	3.5550e-001	-270.874023	-54.437546
 712	3.5600e-001	-267.189026	-54.408273
 713	3.5650e-001	-264.015198	-54.466818
 714	3.5700e-001	-261.192322	-54.354606
 715	3.5750e-001	-258.583069	-54.247273
 716	3.5800e-001	-255.439758	-54.174091
 717	3.5850e-001	-252.464294	-54.052121
 718	3.5900e-001	-249.420166	-53.988697
 719	3.5950e-001	-246.238708	-53.837454
 720	3.6000e-001	-243.415833	-53.896000
 721	3.6050e-001	-240.257263	-53.691091
 722	3.6100e-001	-237.388611	-53.564242
 723	3.6150e-001	-234.176636	-53.525212
 724	3.6200e-001	-231.262207	-53.500818
 725	3.6250e-001	-228.515625	-53.339818
 726	3.6300e-001	-225.349426	-53.227606
 727	3.6350e-001	-222.145081	-53.115393
 728	3.6400e-001	-219.543457	-53.056848
 729	3.6450e-001	-216.514587	-52.944636
 730	3.6500e-001	-213.172913	-52.749484
 731	3.6550e-001	-210.174561	-52.783636
 732	3.6600e-001	-207.244873	-52.627514
 733	3.6650e-001	-204.101563	-52.559211
 734	3.6700e-001	-201.240540	-52.432363
 735	3.6750e-001	-198.303223	-52.290878
 736	3.6800e-001	-195.175171	-52.251847
 737	3.6850e-001	-192.382813	-52.134757
 738	3.6900e-001	-189.353943	-51.944484
 739	3.6950e-001	-186.416626	-51.900575
 740	3.7000e-001	-183.082581	-51.871302
 741	3.7050e-001	-180.236816	-51.700544
 742	3.7100e-001	-177.520752	-51.622484
 743	3.7150e-001	-174.575806	-51.407817
 744	3.7200e-001	-170.989990	-51.305362
 745	3.7250e-001	-168.167114	-51.217544
 746	3.7300e-001	-165.336609	-51.046786
 747	3.7350e-001	-162.078857	-50.968726
 748	3.7400e-001	-159.194946	-50.856513
 749	3.7450e-001	-155.838013	-50.749180
 750	3.7500e-001	-153.251648	-50.612574
 751	3.7550e-001	-150.421143	-50.436937
 752	3.7600e-001	-147.430420	-50.353998
 753	3.7650e-001	-144.271851	-50.153968
 754	3.7700e-001	-141.082764	-49.958816
 755	3.7750e-001	-138.267517	-49.866119
 756	3.7800e-001	-135.063171	-49.724634
 757	3.7850e-001	-132.339478	-49.690482
 758	3.7900e-001	-129.447937	-49.500210
 759	3.7950e-001	-126.335144	-49.387997
 760	3.8000e-001	-123.222351	-49.129421
 761	3.8050e-001	-120.872498	-49.017209
 762	3.8100e-001	-117.248535	-48.939149
 763	3.8150e-001	-114.021301	-48.812300
 764	3.8200e-001	-111.213684	-48.631785
 765	3.8250e-001	-108.314514	-48.470785
 766	3.8300e-001	-105.201721	-48.295148
 767	3.8350e-001	-102.455139	-48.182936
 768	3.8400e-001	-99.342346	-48.031694
 769	3.8450e-001	-96.313477	-47.768239
 770	3.8500e-001	-92.781067	-47.577966
 771	3.8550e-001	-89.622498	-47.441360
 772	3.8600e-001	-87.043762	-47.329148
 773	3.8650e-001	-84.678650	-47.212057
 774	3.8700e-001	-81.207275	-46.890057
 775	3.8750e-001	-78.346252	-46.738814
 776	3.8800e-001	-75.515747	-46.655875
 777	3.8850e-001	-72.006226	-46.402178
 778	3.8900e-001	-69.328308	-46.202147
 779	3.8950e-001	-66.162109	-46.021632
 780	3.9000e-001	-63.247681	-45.753298
 781	3.9050e-001	-60.134888	-45.602056
 782	3.9100e-001	-57.174683	-45.411783
 783	3.9150e-001	-54.420471	-45.089783
 784	3.9200e-001	-51.383972	-44.928783
 785	3.9250e-001	-48.339844	-44.748268
 786	3.9300e-001	-44.830322	-44.504328
 787	3.9350e-001	-42.182922	-44.196964
 788	3.9400e-001	-39.527893	-43.957903
 789	3.9450e-001	-36.140442	-43.670055
 790	3.9500e-001	-33.157349	-43.499297
 791	3.9550e-001	-30.479431	-43.148024
 792	3.9600e-001	-27.275085	-42.938236
 793	3.9650e-001	-24.307251	-42.508903
 794	3.9700e-001	-21.179199	-42.186902
 795	3.9750e-001	-18.035889	-41.889296
 796	3.9800e-001	-15.190125	-41.567296
 797	3.9850e-001	-12.390137	-41.172114
 798	3.9900e-001	-9.132385	-40.698871
 799	3.9950e-001	-6.614685	-40.337841
 800	4.0000e-001	-3.990173	-39.913386
 801	4.0050e-001	-0.343323	-39.288901

Center data before PMax,±Pr and ±Vc Calc.

PMax (µC/cm2):	5.53e+001
Pr (µC/cm2):	4.35e+001
-Pr (µC/cm2):	-3.93e+001
Vc:	8.87e-001
-Vc:	-5.30e-001
C (Max-Eff) (nF):	1.45e+000
K (Eff):	2.08e+003
Vert. (±Pr) Shift (µC/cm2):	2.13e+000
Horiz. Shift (±Vc):	1.78e-001
Offset (µC/cm2):	3.64e+001

A (Loop Area - µC/cm2·Volts):	1.29e+002



Hysteresis Version: 5.16.2 - Radiant Technologies, Inc., 1999 - 3/20/18

