»»»»»»»»»»»»»»»»»»»»»»»»»»»»»»»»»»»» Hysteresis ««««««««««««««««««««««««««««««««««««
»»»  Executed Version:	5.16.2
»»»  Vision Version:	5.16.10 (R)
»»»  Vision Compiled:	4/26/18
»»»  Driver Version:	5.16.6
»»»  Windows Version:	Windows 8
»»»  Processor Information:	x86 (AMD or Intel) - 8 Processors
»»»  Tester Name:	PPM21016-863
»»»  Tester S/N:	PPM21016-863
»»»  Internal Amp Type:	 RTI ML200V    
»»»  Internal Amp S/N:	 iAB2-0000     
»»»  Execution Count:	1
»»»»»»»»»»»»»»»»»»»»»»»»»»»»»»»»»»»»»»»»»»««««««««««««««««««««««««««««««««««««««««««

Stored:	6/4/2018 - 14:55:56
Configured:	06/04/18 02:25:46 PM
Executed:	06/04/18 02:55:32 PM

»»»»»»»»»»»»»»»»»»»»»»»»»»»»»»»»»»» Sample Info ««««««««««««««««««««««««««««««««««««
Sample Name:	Internal Reference Cap.
Lot Name:	N/A
Wafer Name:	N/A
Die Row/Column:	0/0
Capacitor Number:	0
Sample Area (cm2):	6.20e-005
Sample Thickness (µm):	1.00e-001

Mux Loop Adjustment:	Disabled

Amplifier:	Internal

»»»»»»»»»»»»»»»»»»»»»»»»»»»»»»»»»»» Tester Info «««««««««««««««««««««««««««««««««««
Tester Name:	PPM21016-863
Tester Serial Number:	PPM21016-863
Return Signal Amp. Level:	2.0 [Index: 1]

»»»»»»»»»»»»»»»»»»»»»»»»»»»»»»»» Hysteresis Info ««««««««««««««««««««««««««««««««««
Task Name:	Hyst-1
Volts:	3.00
Field:	300.00 (kV/cm)
Hysteresis Period (ms):	4.00e-001
Preset:	Enabled
Preset Delay (ms):	1.00e+003
Profile:	Double Bipolar

»»»»»»»»»»»»»»»»»»»»»»»»»»»»»»»»»»»»»» Data «««««««««««««««««««««««««««««««««««««««
Points:	801

Valid Data

Point	Time (ms)	Field (kV/cm)	Measured Polarization
   1	5.0000e-004	0.129700	-26.146300
   2	1.0000e-003	2.861023	-26.063413
   3	1.5000e-003	5.767822	-25.946555
   4	2.0000e-003	8.598328	-25.823582
   5	2.5000e-003	11.726379	-25.680227
   6	3.0000e-003	14.678955	-25.534155
   7	3.5000e-003	18.051147	-25.377891
   8	4.0000e-003	21.049500	-25.137381
   9	4.5000e-003	23.750305	-24.889397
  10	5.0000e-003	26.725769	-24.570755
  11	5.5000e-003	29.624939	-24.211349
  12	6.0000e-003	33.103943	-23.799628
  13	6.5000e-003	35.751343	-23.283279
  14	7.0000e-003	38.795471	-22.694913
  15	7.5000e-003	41.374207	-22.027735
  16	8.0000e-003	44.578552	-21.287861
  17	8.5000e-003	47.477722	-20.463740
  18	9.0000e-003	50.910950	-19.522761
  19	9.5000e-003	53.627014	-18.469680
  20	1.0000e-002	56.388855	-17.338467
  21	1.0500e-002	59.600830	-16.118252
  22	1.1000e-002	62.545776	-14.781859
  23	1.1500e-002	65.246582	-13.359180
  24	1.2000e-002	68.733215	-11.873997
  25	1.2500e-002	71.418762	-10.248176
  26	1.3000e-002	74.249268	-8.568682
  27	1.3500e-002	77.247620	-6.838911
  28	1.4000e-002	80.375671	-5.019459
  29	1.4500e-002	83.206177	-3.138860
  30	1.5000e-002	86.288452	-1.215459
  31	1.5500e-002	89.073181	0.736477
  32	1.6000e-002	92.231750	2.697925
  33	1.6500e-002	95.367432	4.660053
  34	1.7000e-002	98.518372	6.589569
  35	1.7500e-002	101.570129	8.459976
  36	1.8000e-002	104.347229	10.222358
  37	1.8500e-002	107.292175	11.917479
  38	1.9000e-002	110.519409	13.514085
  39	1.9500e-002	113.334656	15.067210
  40	2.0000e-002	116.363525	16.567341
  41	2.0500e-002	119.102478	18.053204
  42	2.1000e-002	122.688293	19.554014
  43	2.1500e-002	125.534058	21.057542
  44	2.2000e-002	128.440857	22.570581
  45	2.2500e-002	131.401062	24.072071
  46	2.3000e-002	134.696960	25.613645
  47	2.3500e-002	137.496948	27.146387
  48	2.4000e-002	140.289307	28.717176
  49	2.4500e-002	143.524170	30.251957
  50	2.5000e-002	146.492004	31.777905
  51	2.5500e-002	149.581909	33.294342
  52	2.6000e-002	152.450562	34.790396
  53	2.6500e-002	155.372620	36.273542
  54	2.7000e-002	158.470154	37.698258
  55	2.7500e-002	161.598206	39.067263
  56	2.8000e-002	164.596558	40.390069
  57	2.8500e-002	167.488098	41.600093
  58	2.9000e-002	170.516968	42.744214
  59	2.9500e-002	173.683167	43.776913
  60	3.0000e-002	176.719666	44.675089
  61	3.0500e-002	179.733276	45.474072
  62	3.1000e-002	182.624817	46.135814
  63	3.1500e-002	185.935974	46.696325
  64	3.2000e-002	188.835144	47.171230
  65	3.2500e-002	191.528320	47.561210
  66	3.3000e-002	194.725037	47.903631
  67	3.3500e-002	197.761536	48.227708
  68	3.4000e-002	200.920105	48.487921
  69	3.4500e-002	203.804016	48.736584
  70	3.5000e-002	206.863403	48.979132
  71	3.5500e-002	210.029602	49.207413
  72	3.6000e-002	212.829590	49.435694
  73	3.6500e-002	216.033936	49.619813
  74	3.7000e-002	218.917847	49.821597
  75	3.7500e-002	221.870422	50.025419
  76	3.8000e-002	224.975586	50.208180
  77	3.8500e-002	227.752686	50.401131
  78	3.9000e-002	230.690002	50.562151
  79	3.9500e-002	233.909607	50.744911
  80	4.0000e-002	236.740112	50.920198
  81	4.0500e-002	239.929199	51.037056
  82	4.1000e-002	242.843628	51.221855
  83	4.1500e-002	246.025085	51.372004
  84	4.2000e-002	248.931885	51.519435
  85	4.2500e-002	251.792908	51.672302
  86	4.3000e-002	254.676819	51.815657
  87	4.3500e-002	257.545471	51.922324
  88	4.4000e-002	260.673523	52.070434
  89	4.4500e-002	263.626099	52.223301
  90	4.5000e-002	266.929626	52.344915
  91	4.5500e-002	270.065308	52.472643
  92	4.6000e-002	272.621155	52.605807
  93	4.6500e-002	275.840759	52.719948
  94	4.7000e-002	278.846741	52.840203
  95	4.7500e-002	281.593323	52.971328
  96	4.8000e-002	284.851074	53.082751
  97	4.8500e-002	288.459778	53.188059
  98	4.9000e-002	290.824890	53.321902
  99	4.9500e-002	293.899536	53.438081
 100	5.0000e-002	296.928406	53.535915
 101	5.0500e-002	300.003052	53.652773
 102	5.1000e-002	297.035217	53.628315
 103	5.1500e-002	293.930054	53.612688
 104	5.2000e-002	290.901184	53.535236
 105	5.2500e-002	287.895203	53.446234
 106	5.3000e-002	284.843445	53.385766
 107	5.3500e-002	281.921387	53.305596
 108	5.4000e-002	278.854370	53.239694
 109	5.4500e-002	275.909424	53.167677
 110	5.5000e-002	272.872925	53.092942
 111	5.5500e-002	269.958496	53.013451
 112	5.6000e-002	267.059326	52.944831
 113	5.6500e-002	263.610840	52.859226
 114	5.7000e-002	260.841370	52.777697
 115	5.7500e-002	258.140564	52.685977
 116	5.8000e-002	254.905701	52.618716
 117	5.8500e-002	252.258301	52.520202
 118	5.9000e-002	248.893738	52.451582
 119	5.9500e-002	245.727539	52.372091
 120	6.0000e-002	243.049622	52.287845
 121	6.0500e-002	239.990234	52.200881
 122	6.1000e-002	237.121582	52.105764
 123	6.1500e-002	233.947754	52.008608
 124	6.2000e-002	230.728149	51.928438
 125	6.2500e-002	227.951050	51.845551
 126	6.3000e-002	224.952698	51.747716
 127	6.3500e-002	221.954346	51.648523
 128	6.4000e-002	218.864441	51.545253
 129	6.4500e-002	215.950012	51.460327
 130	6.5000e-002	212.814331	51.366569
 131	6.5500e-002	209.869385	51.266696
 132	6.6000e-002	206.886292	51.181091
 133	6.6500e-002	204.071045	51.064912
 134	6.7000e-002	200.714111	50.979986
 135	6.7500e-002	198.143005	50.880113
 136	6.8000e-002	194.862366	50.733361
 137	6.8500e-002	191.703796	50.664741
 138	6.9000e-002	189.033508	50.534975
 139	6.9500e-002	186.012268	50.433743
 140	7.0000e-002	182.968140	50.335229
 141	7.0500e-002	180.282593	50.210897
 142	7.1000e-002	177.253723	50.124613
 143	7.1500e-002	173.728943	50.013190
 144	7.2000e-002	170.982361	49.876629
 145	7.2500e-002	168.052673	49.792383
 146	7.3000e-002	165.008545	49.664654
 147	7.3500e-002	161.949158	49.537605
 148	7.4000e-002	158.798218	49.443167
 149	7.4500e-002	156.059265	49.299133
 150	7.5000e-002	152.992249	49.187031
 151	7.5500e-002	150.039673	49.059982
 152	7.6000e-002	146.987915	48.934971
 153	7.6500e-002	143.775940	48.821510
 154	7.7000e-002	140.792847	48.667285
 155	7.7500e-002	138.000488	48.553824
 156	7.8000e-002	134.925842	48.414545
 157	7.8500e-002	131.645203	48.266434
 158	7.9000e-002	128.738403	48.158409
 159	7.9500e-002	126.213074	47.993992
 160	8.0000e-002	123.092651	47.849958
 161	8.0500e-002	119.812012	47.705924
 162	8.1000e-002	117.088318	47.555095
 163	8.1500e-002	113.731384	47.403588
 164	8.2000e-002	110.687256	47.275859
 165	8.2500e-002	107.902527	47.103290
 166	8.3000e-002	104.980469	46.949064
 167	8.3500e-002	101.959229	46.788045
 168	8.4000e-002	98.831177	46.627705
 169	8.4500e-002	95.619202	46.455135
 170	8.5000e-002	92.941284	46.273054
 171	8.5500e-002	90.179443	46.092332
 172	8.6000e-002	86.959839	45.896663
 173	8.6500e-002	84.068298	45.726811
 174	8.7000e-002	80.711365	45.546768
 175	8.7500e-002	77.972412	45.336152
 176	8.8000e-002	75.088501	45.144559
 177	8.8500e-002	71.846008	44.930546
 178	8.9000e-002	68.786621	44.703624
 179	8.9500e-002	65.719604	44.507955
 180	9.0000e-002	63.163757	44.254536
 181	9.0500e-002	60.073853	44.021499
 182	9.1000e-002	56.869507	43.772157
 183	9.1500e-002	53.977966	43.496997
 184	9.2000e-002	51.216125	43.249693
 185	9.2500e-002	47.836304	42.953471
 186	9.3000e-002	44.776917	42.678312
 187	9.3500e-002	42.213440	42.380731
 188	9.4000e-002	39.077759	42.042387
 189	9.4500e-002	35.972595	41.717630
 190	9.5000e-002	32.997131	41.350750
 191	9.5500e-002	29.899597	40.992703
 192	9.6000e-002	26.725769	40.580303
 193	9.6500e-002	24.139404	40.153635
 194	9.7000e-002	21.209717	39.701829
 195	9.7500e-002	17.967224	39.211977
 196	9.8000e-002	15.167236	38.680681
 197	9.8500e-002	11.734009	38.140552
 198	9.9000e-002	9.117126	37.524330
 199	9.9500e-002	6.019592	36.897237
 200	1.0000e-001	3.166199	36.217830
 201	1.0050e-001	0.106812	35.457574
 202	1.0100e-001	-2.769470	34.727211
 203	1.0150e-001	-5.867004	33.920755
 204	1.0200e-001	-8.766174	33.024617
 205	1.0250e-001	-11.764526	32.125762
 206	1.0300e-001	-14.526367	31.139263
 207	1.0350e-001	-18.020630	30.114717
 208	1.0400e-001	-20.759583	29.020192
 209	1.0450e-001	-23.559570	27.842100
 210	1.0500e-001	-26.786804	26.608297
 211	1.0550e-001	-29.510498	25.315385
 212	1.0600e-001	-32.814026	23.979671
 213	1.0650e-001	-35.850525	22.551558
 214	1.0700e-001	-38.490295	21.012021
 215	1.0750e-001	-41.816711	19.476561
 216	1.0800e-001	-44.876099	17.807258
 217	1.0850e-001	-47.485352	16.118932
 218	1.0900e-001	-50.598145	14.354512
 219	1.0950e-001	-53.916931	12.540495
 220	1.1000e-001	-56.602478	10.690470
 221	1.1050e-001	-59.379578	8.799000
 222	1.1100e-001	-62.751770	6.903455
 223	1.1150e-001	-65.673828	5.009268
 224	1.1200e-001	-68.519592	3.117799
 225	1.1250e-001	-71.426392	1.297667
 226	1.1300e-001	-74.546814	-0.500723
 227	1.1350e-001	-77.659607	-2.247478
 228	1.1400e-001	-80.581665	-3.907270
 229	1.1450e-001	-83.671570	-5.558229
 230	1.1500e-001	-86.486816	-7.161630
 231	1.1550e-001	-89.782715	-8.707960
 232	1.1600e-001	-92.666626	-10.281467
 233	1.1650e-001	-95.474243	-11.821003
 234	1.1700e-001	-98.579407	-13.416251
 235	1.1750e-001	-101.600647	-15.055660
 236	1.1800e-001	-104.537964	-16.699145
 237	1.1850e-001	-107.521057	-18.424839
 238	1.1900e-001	-110.595703	-20.173633
 239	1.1950e-001	-113.517761	-21.982894
 240	1.2000e-001	-116.508484	-23.834958
 241	1.2050e-001	-119.400024	-25.716236
 242	1.2100e-001	-122.657776	-27.652546
 243	1.2150e-001	-125.793457	-29.600406
 244	1.2200e-001	-128.662109	-31.547586
 245	1.2250e-001	-131.134033	-33.517187
 246	1.2300e-001	-134.788513	-35.407298
 247	1.2350e-001	-137.802124	-37.264796
 248	1.2400e-001	-140.495300	-39.020384
 249	1.2450e-001	-143.455505	-40.712787
 250	1.2500e-001	-146.827698	-42.282897
 251	1.2550e-001	-149.505615	-43.753813
 252	1.2600e-001	-152.763367	-45.130292
 253	1.2650e-001	-155.761719	-46.412333
 254	1.2700e-001	-158.699036	-47.534713
 255	1.2750e-001	-161.880493	-48.507624
 256	1.2800e-001	-165.100098	-49.259048
 257	1.2850e-001	-168.067932	-49.827712
 258	1.2900e-001	-170.700073	-50.204783
 259	1.2950e-001	-174.400330	-50.460240
 260	1.3000e-001	-176.963806	-50.658627
 261	1.3050e-001	-180.038452	-50.804020
 262	1.3100e-001	-182.907104	-50.956886
 263	1.3150e-001	-186.035156	-51.081897
 264	1.3200e-001	-189.208984	-51.208267
 265	1.3250e-001	-192.199707	-51.335995
 266	1.3300e-001	-194.908142	-51.444701
 267	1.3350e-001	-198.074341	-51.571070
 268	1.3400e-001	-201.004028	-51.696761
 269	1.3450e-001	-204.177856	-51.778289
 270	1.3500e-001	-207.138062	-51.887674
 271	1.3550e-001	-210.166931	-51.997058
 272	1.3600e-001	-212.974548	-52.104405
 273	1.3650e-001	-216.209412	-52.202239
 274	1.3700e-001	-219.192505	-52.315700
 275	1.3750e-001	-222.122192	-52.408779
 276	1.3800e-001	-225.219727	-52.510690
 277	1.3850e-001	-228.141785	-52.616678
 278	1.3900e-001	-230.979919	-52.723345
 279	1.3950e-001	-234.107971	-52.832050
 280	1.4000e-001	-237.220764	-52.914937
 281	1.4050e-001	-240.104675	-53.012093
 282	1.4100e-001	-243.041992	-53.114683
 283	1.4150e-001	-245.964050	-53.215915
 284	1.4200e-001	-248.893738	-53.319864
 285	1.4250e-001	-252.273560	-53.399355
 286	1.4300e-001	-255.104065	-53.515533
 287	1.4350e-001	-258.331299	-53.601818
 288	1.4400e-001	-261.192322	-53.689461
 289	1.4450e-001	-264.030457	-53.779823
 290	1.4500e-001	-267.059326	-53.862710
 291	1.4550e-001	-270.103455	-53.969377
 292	1.4600e-001	-273.010254	-54.052265
 293	1.4650e-001	-276.084900	-54.140588
 294	1.4700e-001	-278.953552	-54.242499
 295	1.4750e-001	-281.936646	-54.317913
 296	1.4800e-001	-284.904480	-54.396045
 297	1.4850e-001	-288.307190	-54.496597
 298	1.4900e-001	-291.366577	-54.570652
 299	1.4950e-001	-294.212341	-54.645387
 300	1.5000e-001	-297.042847	-54.745260
 301	1.5050e-001	-300.163269	-54.813880
 302	1.5100e-001	-297.134399	-54.785345
 303	1.5150e-001	-294.136047	-54.709931
 304	1.5200e-001	-291.481018	-54.652181
 305	1.5250e-001	-288.291931	-54.578126
 306	1.5300e-001	-285.171509	-54.522414
 307	1.5350e-001	-282.142639	-54.456512
 308	1.5400e-001	-278.961182	-54.362074
 309	1.5450e-001	-276.123047	-54.304325
 310	1.5500e-001	-273.345947	-54.226193
 311	1.5550e-001	-270.027161	-54.139229
 312	1.5600e-001	-267.135620	-54.076723
 313	1.5650e-001	-264.251709	-53.982286
 314	1.5700e-001	-261.070251	-53.912307
 315	1.5750e-001	-258.201599	-53.832137
 316	1.5800e-001	-255.233765	-53.769631
 317	1.5850e-001	-251.914978	-53.669759
 318	1.5900e-001	-249.000549	-53.581436
 319	1.5950e-001	-246.170044	-53.496510
 320	1.6000e-001	-243.247986	-53.430607
 321	1.6050e-001	-240.249634	-53.336849
 322	1.6100e-001	-237.243652	-53.251244
 323	1.6150e-001	-233.917236	-53.169036
 324	1.6200e-001	-231.094360	-53.067804
 325	1.6250e-001	-228.271484	-53.001222
 326	1.6300e-001	-225.166321	-52.899990
 327	1.6350e-001	-222.305298	-52.804873
 328	1.6400e-001	-219.291687	-52.704321
 329	1.6450e-001	-215.789795	-52.615998
 330	1.6500e-001	-213.233948	-52.533790
 331	1.6550e-001	-210.166931	-52.436635
 332	1.6600e-001	-207.290649	-52.344235
 333	1.6650e-001	-204.048157	-52.287845
 334	1.6700e-001	-201.263428	-52.187292
 335	1.6750e-001	-198.074341	-52.052090
 336	1.6800e-001	-195.083618	-51.966485
 337	1.6850e-001	-192.390442	-51.874765
 338	1.6900e-001	-189.064026	-51.768098
 339	1.6950e-001	-186.149597	-51.662111
 340	1.7000e-001	-183.235168	-51.577185
 341	1.7050e-001	-180.107117	-51.471877
 342	1.7100e-001	-177.093506	-51.385592
 343	1.7150e-001	-174.331665	-51.270093
 344	1.7200e-001	-171.226501	-51.157311
 345	1.7250e-001	-168.037415	-51.058118
 346	1.7300e-001	-165.138245	-50.958245
 347	1.7350e-001	-162.269592	-50.852937
 348	1.7400e-001	-159.004211	-50.739476
 349	1.7450e-001	-156.303406	-50.628053
 350	1.7500e-001	-153.228760	-50.526822
 351	1.7550e-001	-150.131226	-50.428308
 352	1.7600e-001	-147.300720	-50.304656
 353	1.7650e-001	-144.157410	-50.204783
 354	1.7700e-001	-141.052246	-50.080451
 355	1.7750e-001	-138.168335	-49.986014
 356	1.7800e-001	-134.956360	-49.856926
 357	1.7850e-001	-132.057190	-49.740068
 358	1.7900e-001	-129.051208	-49.634081
 359	1.7950e-001	-126.213074	-49.500917
 360	1.8000e-001	-123.031616	-49.399685
 361	1.8050e-001	-120.277405	-49.263125
 362	1.8100e-001	-117.279053	-49.142190
 363	1.8150e-001	-114.250183	-49.026691
 364	1.8200e-001	-111.106873	-48.903039
 365	1.8250e-001	-108.139038	-48.778028
 366	1.8300e-001	-105.148315	-48.661170
 367	1.8350e-001	-102.249146	-48.530724
 368	1.8400e-001	-99.037170	-48.392804
 369	1.8450e-001	-96.153259	-48.265076
 370	1.8500e-001	-93.086243	-48.123759
 371	1.8550e-001	-90.217590	-47.998748
 372	1.8600e-001	-87.051392	-47.851996
 373	1.8650e-001	-84.114075	-47.711359
 374	1.8700e-001	-81.268311	-47.579554
 375	1.8750e-001	-78.201294	-47.432123
 376	1.8800e-001	-75.263977	-47.292844
 377	1.8850e-001	-72.296143	-47.140657
 378	1.8900e-001	-68.916321	-46.996623
 379	1.8950e-001	-66.009521	-46.832206
 380	1.9000e-001	-63.140869	-46.679340
 381	1.9050e-001	-60.096741	-46.531908
 382	1.9100e-001	-57.281494	-46.376324
 383	1.9150e-001	-54.252625	-46.197640
 384	1.9200e-001	-51.185608	-46.029827
 385	1.9250e-001	-47.973633	-45.856578
 386	1.9300e-001	-44.944763	-45.671100
 387	1.9350e-001	-41.961670	-45.501927
 388	1.9400e-001	-38.795471	-45.283838
 389	1.9450e-001	-35.850525	-45.104474
 390	1.9500e-001	-33.103943	-44.911523
 391	1.9550e-001	-30.235291	-44.676448
 392	1.9600e-001	-26.992798	-44.467190
 393	1.9650e-001	-23.979187	-44.233474
 394	1.9700e-001	-20.973206	-43.983453
 395	1.9750e-001	-18.150330	-43.682475
 396	1.9800e-001	-15.190125	-43.367910
 397	1.9850e-001	-11.970520	-43.034321
 398	1.9900e-001	-9.086609	-42.640944
 399	1.9950e-001	-6.164551	-42.193894
 400	2.0000e-001	-3.120422	-41.711515
 401	2.0050e-001	-0.518799	-41.125867
 402	2.0100e-001	2.708435	-40.499453
 403	2.0150e-001	5.729675	-39.788114
 404	2.0200e-001	8.537292	-38.976223
 405	2.0250e-001	11.596680	-38.099788
 406	2.0300e-001	14.549255	-37.107853
 407	2.0350e-001	17.730713	-36.037787
 408	2.0400e-001	20.637512	-34.881436
 409	2.0450e-001	23.422241	-33.629289
 410	2.0500e-001	26.702881	-32.314637
 411	2.0550e-001	29.541016	-30.938158
 412	2.0600e-001	32.234192	-29.492380
 413	2.0650e-001	35.430908	-28.026220
 414	2.0700e-001	38.650513	-26.557342
 415	2.0750e-001	41.450500	-25.165237
 416	2.0800e-001	44.464111	-23.840393
 417	2.0850e-001	47.409058	-22.579413
 418	2.0900e-001	50.430298	-21.304166
 419	2.0950e-001	53.634644	-19.984758
 420	2.1000e-001	56.343079	-18.578385
 421	2.1050e-001	59.532166	-17.083690
 422	2.1100e-001	62.400818	-15.504748
 423	2.1150e-001	65.216064	-13.853109
 424	2.1200e-001	68.382263	-12.132171
 425	2.1250e-001	71.228027	-10.309322
 426	2.1300e-001	74.211121	-8.425327
 427	2.1350e-001	77.293396	-6.455726
 428	2.1400e-001	80.017090	-4.446040
 429	2.1450e-001	83.114624	-2.375207
 430	2.1500e-001	86.212158	-0.278557
 431	2.1550e-001	89.141846	1.829643
 432	2.1600e-001	92.399597	3.924255
 433	2.1650e-001	95.428467	5.995088
 434	2.1700e-001	98.297119	7.993903
 435	2.1750e-001	101.341248	9.909152
 436	2.1800e-001	104.385376	11.710260
 437	2.1850e-001	107.444763	13.387036
 438	2.1900e-001	110.481262	15.008101
 439	2.1950e-001	113.578796	16.573455
 440	2.2000e-001	116.592407	18.139488
 441	2.2050e-001	119.453430	19.672231
 442	2.2100e-001	122.703552	21.204294
 443	2.2150e-001	125.419617	22.759456
 444	2.2200e-001	128.295898	24.317337
 445	2.2250e-001	131.446838	25.877934
 446	2.2300e-001	134.307861	27.465029
 447	2.2350e-001	137.207031	29.027665
 448	2.2400e-001	140.617371	30.594378
 449	2.2450e-001	143.379211	32.158373
 450	2.2500e-001	146.461487	33.700627
 451	2.2550e-001	149.475098	35.238805
 452	2.2600e-001	152.481079	36.721950
 453	2.2650e-001	155.120850	38.150064
 454	2.2700e-001	158.454895	39.540131
 455	2.2750e-001	161.666870	40.840516
 456	2.2800e-001	164.520264	42.049860
 457	2.2850e-001	167.358398	43.175638
 458	2.2900e-001	170.677185	44.221924
 459	2.2950e-001	173.866272	45.139803
 460	2.3000e-001	176.666260	45.912289
 461	2.3050e-001	179.603577	46.576749
 462	2.3100e-001	182.800293	47.120954
 463	2.3150e-001	185.508728	47.581592
 464	2.3200e-001	188.903809	47.979045
 465	2.3250e-001	191.673279	48.331658
 466	2.3300e-001	194.877625	48.634673
 467	2.3350e-001	197.959900	48.903718
 468	2.3400e-001	200.942993	49.165969
 469	2.3450e-001	203.758240	49.410556
 470	2.3500e-001	206.703186	49.642913
 471	2.3550e-001	209.777832	49.850812
 472	2.3600e-001	212.684631	50.059390
 473	2.3650e-001	215.896606	50.247585
 474	2.3700e-001	218.803406	50.445972
 475	2.3750e-001	221.679688	50.635527
 476	2.3800e-001	224.983215	50.810134
 477	2.3850e-001	227.836609	50.993574
 478	2.3900e-001	230.674744	51.157311
 479	2.3950e-001	233.840942	51.336675
 480	2.4000e-001	236.785889	51.497015
 481	2.4050e-001	239.891052	51.657355
 482	2.4100e-001	243.110657	51.811580
 483	2.4150e-001	245.910645	51.976676
 484	2.4200e-001	248.863220	52.098290
 485	2.4250e-001	251.762390	52.262707
 486	2.4300e-001	254.669189	52.377526
 487	2.4350e-001	257.690430	52.540584
 488	2.4400e-001	260.879517	52.660839
 489	2.4450e-001	263.603210	52.779056
 490	2.4500e-001	266.990662	52.931923
 491	2.4550e-001	270.050049	53.041986
 492	2.4600e-001	272.766113	53.175830
 493	2.4650e-001	275.833130	53.294726
 494	2.4700e-001	279.144287	53.395958
 495	2.4750e-001	281.593323	53.542709
 496	2.4800e-001	284.835815	53.648697
 497	2.4850e-001	288.047791	53.771670
 498	2.4900e-001	290.878296	53.892604
 499	2.4950e-001	293.869019	53.985003
 500	2.5000e-001	296.958923	54.101861
 501	2.5050e-001	299.743652	54.216002
 502	2.5100e-001	297.103882	54.206490
 503	2.5150e-001	293.975830	54.143985
 504	2.5200e-001	290.771484	54.074685
 505	2.5250e-001	287.712097	54.006065
 506	2.5300e-001	284.965515	53.956468
 507	2.5350e-001	281.890869	53.859993
 508	2.5400e-001	278.808594	53.806319
 509	2.5450e-001	275.741577	53.721394
 510	2.5500e-001	272.872925	53.658888
 511	2.5550e-001	270.263672	53.579397
 512	2.5600e-001	266.769409	53.503304
 513	2.5650e-001	263.587952	53.430607
 514	2.5700e-001	261.138916	53.330055
 515	2.5750e-001	258.064270	53.245129
 516	2.5800e-001	254.776001	53.189418
 517	2.5850e-001	252.182007	53.076636
 518	2.5900e-001	249.145508	53.029757
 519	2.5950e-001	245.826721	52.945511
 520	2.6000e-001	243.095398	52.846317
 521	2.6050e-001	240.158081	52.769544
 522	2.6100e-001	237.228394	52.679863
 523	2.6150e-001	234.024048	52.579990
 524	2.6200e-001	230.979919	52.507973
 525	2.6250e-001	227.714539	52.418291
 526	2.6300e-001	224.716187	52.321136
 527	2.6350e-001	221.893311	52.228057
 528	2.6400e-001	219.200134	52.132940
 529	2.6450e-001	215.980530	52.054129
 530	2.6500e-001	212.844849	51.937950
 531	2.6550e-001	209.762573	51.852345
 532	2.6600e-001	206.840515	51.750434
 533	2.6650e-001	204.071045	51.647843
 534	2.6700e-001	200.942993	51.565635
 535	2.6750e-001	197.807312	51.447418
 536	2.6800e-001	195.121765	51.336675
 537	2.6850e-001	191.566467	51.264658
 538	2.6900e-001	188.941956	51.116547
 539	2.6950e-001	186.233521	51.035018
 540	2.7000e-001	182.586670	50.919519
 541	2.7050e-001	180.007935	50.808096
 542	2.7100e-001	177.032471	50.716376
 543	2.7150e-001	173.988342	50.600198
 544	2.7200e-001	171.005249	50.496928
 545	2.7250e-001	167.900085	50.382787
 546	2.7300e-001	164.779663	50.272723
 547	2.7350e-001	161.567688	50.179645
 548	2.7400e-001	159.286499	50.003678
 549	2.7450e-001	155.731201	49.924867
 550	2.7500e-001	152.999878	49.791703
 551	2.7550e-001	150.100708	49.662616
 552	2.7600e-001	146.820068	49.545758
 553	2.7650e-001	143.966675	49.417350
 554	2.7700e-001	141.105652	49.277392
 555	2.7750e-001	137.733459	49.177519
 556	2.7800e-001	134.925842	49.032126
 557	2.7850e-001	131.965637	48.901680
 558	2.7900e-001	128.883362	48.744058
 559	2.7950e-001	126.022339	48.618367
 560	2.8000e-001	123.054504	48.470936
 561	2.8050e-001	119.949341	48.326902
 562	2.8100e-001	116.966248	48.189661
 563	2.8150e-001	114.135742	48.038154
 564	2.8200e-001	110.801697	47.864905
 565	2.8250e-001	107.856750	47.733100
 566	2.8300e-001	104.980469	47.564607
 567	2.8350e-001	101.989746	47.394755
 568	2.8400e-001	98.785400	47.260233
 569	2.8450e-001	95.962524	47.053693
 570	2.8500e-001	92.872620	46.908300
 571	2.8550e-001	89.942932	46.723501
 572	2.8600e-001	86.906433	46.520358
 573	2.8650e-001	83.717346	46.355942
 574	2.8700e-001	80.909729	46.154837
 575	2.8750e-001	78.063965	45.957809
 576	2.8800e-001	74.913025	45.773690
 577	2.8850e-001	71.632385	45.513477
 578	2.8900e-001	69.046021	45.346343
 579	2.8950e-001	65.956116	45.102436
 580	2.9000e-001	62.812805	44.860567
 581	2.9050e-001	60.104370	44.625492
 582	2.9100e-001	56.800842	44.376829
 583	2.9150e-001	54.229736	44.143793
 584	2.9200e-001	51.261902	43.869312
 585	2.9250e-001	47.821045	43.611137
 586	2.9300e-001	45.127869	43.325787
 587	2.9350e-001	42.037964	43.011900
 588	2.9400e-001	39.070129	42.702091
 589	2.9450e-001	36.003113	42.373937
 590	2.9500e-001	33.012390	42.032875
 591	2.9550e-001	29.960632	41.655804
 592	2.9600e-001	27.030945	41.242045
 593	2.9650e-001	24.269104	40.837119
 594	2.9700e-001	20.942688	40.369687
 595	2.9750e-001	17.913818	39.887987
 596	2.9800e-001	14.999390	39.377073
 597	2.9850e-001	11.985779	38.822677
 598	2.9900e-001	9.010315	38.237028
 599	2.9950e-001	6.141663	37.608576
 600	3.0000e-001	3.089905	36.935284
 601	3.0050e-001	0.038147	36.218510
 602	3.0100e-001	-2.510071	35.452818
 603	3.0150e-001	-5.966187	34.645682
 604	3.0200e-001	-8.995056	33.799141
 605	3.0250e-001	-11.741638	32.874468
 606	3.0300e-001	-14.785767	31.917184
 607	3.0350e-001	-17.776489	30.908944
 608	3.0400e-001	-20.668030	29.807625
 609	3.0450e-001	-23.612976	28.687962
 610	3.0500e-001	-26.748657	27.460953
 611	3.0550e-001	-29.769897	26.160568
 612	3.0600e-001	-32.554626	24.845236
 613	3.0650e-001	-35.652161	23.398778
 614	3.0700e-001	-38.444519	21.925144
 615	3.0750e-001	-41.656494	20.365226
 616	3.0800e-001	-44.517517	18.725817
 617	3.0850e-001	-47.386169	17.038849
 618	3.0900e-001	-50.506592	15.271711
 619	3.0950e-001	-53.535461	13.491665
 620	3.1000e-001	-56.007385	11.630090
 621	3.1050e-001	-59.661865	9.748812
 622	3.1100e-001	-62.385559	7.876366
 623	3.1150e-001	-65.429688	5.946850
 624	3.1200e-001	-68.756104	4.066931
 625	3.1250e-001	-71.319580	2.222340
 626	3.1300e-001	-74.501038	0.385903
 627	3.1350e-001	-77.888489	-1.337073
 628	3.1400e-001	-80.429077	-3.054614
 629	3.1450e-001	-83.648682	-4.689267
 630	3.1500e-001	-86.555481	-6.283156
 631	3.1550e-001	-89.332581	-7.862098
 632	3.1600e-001	-92.514038	-9.422017
 633	3.1650e-001	-95.924377	-10.996882
 634	3.1700e-001	-99.037170	-12.591451
 635	3.1750e-001	-101.531982	-14.221348
 636	3.1800e-001	-104.606628	-15.895407
 637	3.1850e-001	-107.559204	-17.572863
 638	3.1900e-001	-110.420227	-19.357665
 639	3.1950e-001	-113.456726	-21.156056
 640	3.2000e-001	-116.882324	-22.993172
 641	3.2050e-001	-119.506836	-24.877168
 642	3.2100e-001	-122.314453	-26.839295
 643	3.2150e-001	-125.694275	-28.777644
 644	3.2200e-001	-128.318787	-30.776459
 645	3.2250e-001	-131.431580	-32.724319
 646	3.2300e-001	-134.536743	-34.677614
 647	3.2350e-001	-137.542725	-36.581313
 648	3.2400e-001	-140.655518	-38.389215
 649	3.2450e-001	-143.562317	-40.124421
 650	3.2500e-001	-146.354675	-41.782853
 651	3.2550e-001	-149.398804	-43.311519
 652	3.2600e-001	-152.656555	-44.735556
 653	3.2650e-001	-155.731201	-46.032544
 654	3.2700e-001	-158.714294	-47.175307
 655	3.2750e-001	-161.918640	-48.114247
 656	3.2800e-001	-164.878845	-48.850725
 657	3.2850e-001	-167.831421	-49.338539
 658	3.2900e-001	-171.142578	-49.644951
 659	3.2950e-001	-174.118042	-49.899050
 660	3.3000e-001	-176.971436	-50.053954
 661	3.3050e-001	-180.183411	-50.223806
 662	3.3100e-001	-183.044434	-50.357649
 663	3.3150e-001	-186.019897	-50.483340
 664	3.3200e-001	-189.186096	-50.600877
 665	3.3250e-001	-191.864014	-50.731323
 666	3.3300e-001	-195.121765	-50.840708
 667	3.3350e-001	-198.143005	-50.970474
 668	3.3400e-001	-200.805664	-51.074424
 669	3.3450e-001	-204.055786	-51.180411
 670	3.3500e-001	-206.878662	-51.314254
 671	3.3550e-001	-210.357666	-51.395783
 672	3.3600e-001	-212.928772	-51.524191
 673	3.3650e-001	-216.079712	-51.628140
 674	3.3700e-001	-219.100952	-51.723937
 675	3.3750e-001	-221.977234	-51.822451
 676	3.3800e-001	-225.059509	-51.925041
 677	3.3850e-001	-228.332520	-52.024235
 678	3.3900e-001	-231.048584	-52.124108
 679	3.3950e-001	-234.146118	-52.218545
 680	3.4000e-001	-236.595154	-52.318418
 681	3.4050e-001	-239.669800	-52.419650
 682	3.4100e-001	-242.912292	-52.507973
 683	3.4150e-001	-246.337891	-52.608525
 684	3.4200e-001	-249.076843	-52.688015
 685	3.4250e-001	-252.349854	-52.782453
 686	3.4300e-001	-254.966736	-52.891838
 687	3.4350e-001	-258.132935	-52.970649
 688	3.4400e-001	-261.047363	-53.067804
 689	3.4450e-001	-263.984680	-53.152730
 690	3.4500e-001	-267.013550	-53.241053
 691	3.4550e-001	-270.278931	-53.323940
 692	3.4600e-001	-272.911072	-53.404790
 693	3.4650e-001	-276.054382	-53.523007
 694	3.4700e-001	-278.862000	-53.605894
 695	3.4750e-001	-282.424927	-53.673156
 696	3.4800e-001	-285.270691	-53.781181
 697	3.4850e-001	-288.085938	-53.850481
 698	3.4900e-001	-291.145325	-53.957827
 699	3.4950e-001	-293.945313	-54.031883
 700	3.5000e-001	-297.279358	-54.109335
 701	3.5050e-001	-300.010681	-54.216002
 702	3.5100e-001	-297.126770	-54.153496
 703	3.5150e-001	-294.258118	-54.103220
 704	3.5200e-001	-291.107178	-54.003347
 705	3.5250e-001	-288.146973	-53.943560
 706	3.5300e-001	-285.278320	-53.894642
 707	3.5350e-001	-282.135010	-53.818549
 708	3.5400e-001	-279.243469	-53.745852
 709	3.5450e-001	-276.054382	-53.658888
 710	3.5500e-001	-273.025513	-53.586192
 711	3.5550e-001	-270.256042	-53.514854
 712	3.5600e-001	-267.204285	-53.412943
 713	3.5650e-001	-264.266968	-53.363346
 714	3.5700e-001	-261.024475	-53.272305
 715	3.5750e-001	-258.209229	-53.190097
 716	3.5800e-001	-254.981995	-53.104492
 717	3.5850e-001	-252.311707	-53.029757
 718	3.5900e-001	-249.206543	-52.940075
 719	3.5950e-001	-246.025085	-52.877570
 720	3.6000e-001	-242.996216	-52.783812
 721	3.6050e-001	-240.272522	-52.698207
 722	3.6100e-001	-236.999512	-52.603769
 723	3.6150e-001	-234.313965	-52.525637
 724	3.6200e-001	-231.437683	-52.440711
 725	3.6250e-001	-227.935791	-52.360541
 726	3.6300e-001	-225.288391	-52.276974
 727	3.6350e-001	-222.343445	-52.181178
 728	3.6400e-001	-219.070435	-52.094893
 729	3.6450e-001	-215.980530	-51.988906
 730	3.6500e-001	-213.363647	-51.915530
 731	3.6550e-001	-210.487366	-51.831283
 732	3.6600e-001	-207.298279	-51.740243
 733	3.6650e-001	-204.223633	-51.637652
 734	3.6700e-001	-201.210022	-51.544573
 735	3.6750e-001	-198.181152	-51.442662
 736	3.6800e-001	-195.182800	-51.343469
 737	3.6850e-001	-192.192078	-51.264658
 738	3.6900e-001	-189.086914	-51.148479
 739	3.6950e-001	-185.935974	-51.060836
 740	3.7000e-001	-183.258057	-50.956886
 741	3.7050e-001	-180.145264	-50.866525
 742	3.7100e-001	-177.185059	-50.768011
 743	3.7150e-001	-174.293518	-50.669497
 744	3.7200e-001	-171.012878	-50.551960
 745	3.7250e-001	-168.167114	-50.447331
 746	3.7300e-001	-164.962769	-50.346099
 747	3.7350e-001	-162.139893	-50.236035
 748	3.7400e-001	-159.225464	-50.126651
 749	3.7450e-001	-155.975342	-50.004358
 750	3.7500e-001	-153.251648	-49.902447
 751	3.7550e-001	-150.177002	-49.788306
 752	3.7600e-001	-146.995544	-49.686395
 753	3.7650e-001	-144.104004	-49.563422
 754	3.7700e-001	-140.914917	-49.459473
 755	3.7750e-001	-138.130188	-49.338539
 756	3.7800e-001	-135.314941	-49.217604
 757	3.7850e-001	-132.347107	-49.123167
 758	3.7900e-001	-129.158020	-48.998156
 759	3.7950e-001	-126.594543	-48.860236
 760	3.8000e-001	-123.603821	-48.750172
 761	3.8050e-001	-120.239258	-48.643505
 762	3.8100e-001	-117.141724	-48.512380
 763	3.8150e-001	-113.975525	-48.396201
 764	3.8200e-001	-111.106873	-48.271190
 765	3.8250e-001	-108.062744	-48.138027
 766	3.8300e-001	-105.369568	-48.031360
 767	3.8350e-001	-102.317810	-47.904990
 768	3.8400e-001	-99.258423	-47.755520
 769	3.8450e-001	-96.153259	-47.613524
 770	3.8500e-001	-92.941284	-47.491910
 771	3.8550e-001	-90.065002	-47.353311
 772	3.8600e-001	-87.203979	-47.216071
 773	3.8650e-001	-84.068298	-47.094457
 774	3.8700e-001	-80.993652	-46.953820
 775	3.8750e-001	-78.254700	-46.804351
 776	3.8800e-001	-74.905396	-46.655560
 777	3.8850e-001	-72.158813	-46.500656
 778	3.8900e-001	-69.145203	-46.351186
 779	3.8950e-001	-66.032410	-46.196961
 780	3.9000e-001	-63.240051	-46.037300
 781	3.9050e-001	-60.241699	-45.867448
 782	3.9100e-001	-57.258606	-45.715940
 783	3.9150e-001	-54.412842	-45.550845
 784	3.9200e-001	-51.116943	-45.386428
 785	3.9250e-001	-48.118591	-45.198232
 786	3.9300e-001	-45.082092	-45.033136
 787	3.9350e-001	-42.327881	-44.849696
 788	3.9400e-001	-38.749695	-44.651310
 789	3.9450e-001	-36.056519	-44.471267
 790	3.9500e-001	-32.958984	-44.262689
 791	3.9550e-001	-30.441284	-44.051393
 792	3.9600e-001	-27.130127	-43.826509
 793	3.9650e-001	-24.124146	-43.585999
 794	3.9700e-001	-21.072388	-43.337336
 795	3.9750e-001	-18.066406	-43.053344
 796	3.9800e-001	-15.350342	-42.754405
 797	3.9850e-001	-12.107849	-42.415381
 798	3.9900e-001	-9.292603	-42.019287
 799	3.9950e-001	-5.805969	-41.600093
 800	4.0000e-001	-3.250122	-41.104126
 801	4.0050e-001	-0.404358	-40.548371

Center data before PMax,±Pr and ±Vc Calc.

PMax (µC/cm2):	5.42e+001
Pr (µC/cm2):	3.62e+001
-Pr (µC/cm2):	-4.05e+001
Vc:	8.66e-001
-Vc:	-7.53e-001
C (Max-Eff) (nF):	1.12e+000
K (Eff):	2.04e+003
Vert. (±Pr) Shift (µC/cm2):	-2.17e+000
Horiz. Shift (±Vc):	5.67e-002
Offset (µC/cm2):	2.61e+001

A (Loop Area - µC/cm2·Volts):	1.49e+002



Hysteresis Version: 5.16.2 - Radiant Technologies, Inc., 1999 - 3/20/18

