»»»»»»»»»»»»»»»»»»»»»»»»»»»»»»»»»»»» Hysteresis ««««««««««««««««««««««««««««««««««««
»»»  Executed Version:	5.16.2
»»»  Vision Version:	5.16.10 (R)
»»»  Vision Compiled:	4/26/18
»»»  Driver Version:	5.16.6
»»»  Windows Version:	Windows 8
»»»  Processor Information:	x86 (AMD or Intel) - 8 Processors
»»»  Tester Name:	PPM21016-863
»»»  Tester S/N:	PPM21016-863
»»»  Internal Amp Type:	 RTI ML200V    
»»»  Internal Amp S/N:	 iAB2-0000     
»»»  Execution Count:	1
»»»»»»»»»»»»»»»»»»»»»»»»»»»»»»»»»»»»»»»»»»««««««««««««««««««««««««««««««««««««««««««

Stored:	8/22/2018 - 6:38:31
Configured:	08/22/18 06:37:02 AM
Executed:	08/22/18 06:37:59 AM

»»»»»»»»»»»»»»»»»»»»»»»»»»»»»»»»»»» Sample Info ««««««««««««««««««««««««««««««««««««
Sample Name:	Internal Reference Cap.
Lot Name:	N/A
Wafer Name:	N/A
Die Row/Column:	0/0
Capacitor Number:	0
Sample Area (cm2):	6.20e-005
Sample Thickness (µm):	1.00e-001

Mux Loop Adjustment:	Disabled

Amplifier:	Internal

»»»»»»»»»»»»»»»»»»»»»»»»»»»»»»»»»»» Tester Info «««««««««««««««««««««««««««««««««««
Tester Name:	PPM21016-863
Tester Serial Number:	PPM21016-863
Return Signal Amp. Level:	0.21 [Index: 2]

»»»»»»»»»»»»»»»»»»»»»»»»»»»»»»»» Hysteresis Info ««««««««««««««««««««««««««««««««««
Task Name:	Hyst-1
Volts:	-3.00
Field:	-300.00 (kV/cm)
Hysteresis Period (ms):	4.00e-001
Preset:	Enabled
Preset Delay (ms):	1.00e+003
Profile:	Double Bipolar

»»»»»»»»»»»»»»»»»»»»»»»»»»»»»»»»»»»»»» Data «««««««««««««««««««««««««««««««««««««««
Points:	801

Valid Data

Point	Time (ms)	Field (kV/cm)	Measured Polarization
   1	5.0000e-004	-0.068665	18.259773
   2	1.0000e-003	-2.960205	18.309216
   3	1.5000e-003	-6.057739	18.148527
   4	2.0000e-003	-8.850098	18.136167
   5	2.5000e-003	-11.833191	18.055823
   6	3.0000e-003	-14.953613	18.129986
   7	3.5000e-003	-18.234253	18.092905
   8	4.0000e-003	-21.049500	17.882773
   9	4.5000e-003	-23.841858	17.808610
  10	5.0000e-003	-26.847839	17.734446
  11	5.5000e-003	-29.907227	17.740626
  12	6.0000e-003	-32.798767	17.647921
  13	6.5000e-003	-35.919189	17.400708
  14	7.0000e-003	-38.757324	17.073151
  15	7.5000e-003	-41.984558	16.850659
  16	8.0000e-003	-44.975281	16.720872
  17	8.5000e-003	-47.630310	16.294430
  18	9.0000e-003	-50.804138	16.183184
  19	9.5000e-003	-53.771973	15.633135
  20	1.0000e-002	-56.747437	15.008922
  21	1.0500e-002	-59.883118	14.693725
  22	1.1000e-002	-62.759399	14.100414
  23	1.1500e-002	-65.818787	13.599807
  24	1.2000e-002	-68.809509	13.099201
  25	1.2500e-002	-71.945190	12.425546
  26	1.3000e-002	-74.440002	11.615923
  27	1.3500e-002	-77.537537	10.849562
  28	1.4000e-002	-80.886841	10.083202
  29	1.4500e-002	-83.694458	9.075809
  30	1.5000e-002	-86.738586	8.173481
  31	1.5500e-002	-89.698792	6.949777
  32	1.6000e-002	-92.437744	5.794056
  33	1.6500e-002	-95.741272	4.557990
  34	1.7000e-002	-98.823547	3.241581
  35	1.7500e-002	-101.440430	1.783024
  36	1.8000e-002	-104.446411	0.207041
  37	1.8500e-002	-107.688904	-1.436926
  38	1.9000e-002	-110.176086	-3.321925
  39	1.9500e-002	-113.540649	-5.404695
  40	2.0000e-002	-116.340637	-7.777940
  41	2.0500e-002	-119.110107	-9.947235
  42	2.1000e-002	-122.184753	-12.413185
  43	2.1500e-002	-125.267029	-14.947119
  44	2.2000e-002	-127.906799	-17.839511
  45	2.2500e-002	-131.347656	-20.571215
  46	2.3000e-002	-134.292603	-23.630477
  47	2.3500e-002	-137.100220	-26.807164
  48	2.4000e-002	-139.739990	-29.977671
  49	2.4500e-002	-143.081665	-33.185261
  50	2.5000e-002	-145.645142	-36.683325
  51	2.5500e-002	-148.735046	-39.909455
  52	2.6000e-002	-151.878357	-43.073782
  53	2.6500e-002	-155.036926	-46.528585
  54	2.7000e-002	-157.867432	-49.847420
  55	2.7500e-002	-161.117554	-53.067370
  56	2.8000e-002	-164.184570	-56.262598
  57	2.8500e-002	-167.320251	-59.433105
  58	2.9000e-002	-169.784546	-62.659236
  59	2.9500e-002	-173.004150	-65.397120
  60	3.0000e-002	-176.124573	-68.215349
  61	3.0500e-002	-179.412842	-70.495889
  62	3.1000e-002	-183.151245	-71.935905
  63	3.1500e-002	-185.951233	-72.189298
  64	3.2000e-002	-189.064026	-72.201659
  65	3.2500e-002	-192.108154	-72.238741
  66	3.3000e-002	-195.213318	-72.312905
  67	3.3500e-002	-197.891235	-72.374708
  68	3.4000e-002	-200.866699	-72.399429
  69	3.4500e-002	-204.406738	-72.448872
  70	3.5000e-002	-206.756592	-72.473593
  71	3.5500e-002	-210.289001	-72.479774
  72	3.6000e-002	-212.936401	-72.659003
  73	3.6500e-002	-215.980530	-72.689905
  74	3.7000e-002	-218.849182	-72.696085
  75	3.7500e-002	-222.320557	-72.856774
  76	3.8000e-002	-225.151062	-72.893856
  77	3.8500e-002	-228.080750	-72.875315
  78	3.9000e-002	-231.086731	-72.782610
  79	3.9500e-002	-233.947754	-73.239954
  80	4.0000e-002	-236.991882	-73.097806
  81	4.0500e-002	-240.020752	-72.955659
  82	4.1000e-002	-242.683411	-73.289396
  83	4.1500e-002	-246.032715	-73.122528
  84	4.2000e-002	-248.901367	-73.171970
  85	4.2500e-002	-251.945496	-73.326478
  86	4.3000e-002	-254.905701	-73.369741
  87	4.3500e-002	-258.178711	-73.462446
  88	4.4000e-002	-260.963440	-73.518068
  89	4.4500e-002	-263.801575	-73.734380
  90	4.5000e-002	-267.272949	-73.703478
  91	4.5500e-002	-270.042419	-73.783823
  92	4.6000e-002	-272.705078	-73.888888
  93	4.6500e-002	-276.161194	-74.061937
  94	4.7000e-002	-279.159546	-74.055757
  95	4.7500e-002	-281.837463	-74.315331
  96	4.8000e-002	-284.851074	-74.389494
  97	4.8500e-002	-288.017273	-74.469839
  98	4.9000e-002	-291.023254	-74.649068
  99	4.9500e-002	-294.128418	-74.686150
 100	5.0000e-002	-296.813965	-74.828298
 101	5.0500e-002	-299.911499	-75.056970
 102	5.1000e-002	-297.027588	-75.230019
 103	5.1500e-002	-293.861389	-75.174396
 104	5.2000e-002	-290.634155	-75.322724
 105	5.2500e-002	-288.330078	-75.186757
 106	5.3000e-002	-284.782410	-75.489593
 107	5.3500e-002	-281.837463	-75.594658
 108	5.4000e-002	-279.106140	-75.650281
 109	5.4500e-002	-275.878906	-75.786248
 110	5.5000e-002	-272.956848	-75.885133
 111	5.5500e-002	-270.133972	-76.002560
 112	5.6000e-002	-267.127991	-75.996379
 113	5.6500e-002	-264.015198	-75.897494
 114	5.7000e-002	-260.925293	-75.841871
 115	5.7500e-002	-258.171082	-75.878953
 116	5.8000e-002	-254.981995	-75.996379
 117	5.8500e-002	-252.128601	-75.996379
 118	5.9000e-002	-248.786926	-76.076723
 119	5.9500e-002	-245.880127	-75.946937
 120	6.0000e-002	-243.080139	-76.095264
 121	6.0500e-002	-239.822388	-76.095264
 122	6.1000e-002	-236.946106	-76.132346
 123	6.1500e-002	-233.932495	-76.076723
 124	6.2000e-002	-231.010437	-76.138527
 125	6.2500e-002	-227.981567	-76.076723
 126	6.3000e-002	-224.952698	-76.126166
 127	6.3500e-002	-221.916199	-76.107625
 128	6.4000e-002	-218.933105	-76.002560
 129	6.4500e-002	-215.858459	-76.076723
 130	6.5000e-002	-212.867737	-76.052002
 131	6.5500e-002	-209.877014	-76.095264
 132	6.6000e-002	-207.092285	-76.107625
 133	6.6500e-002	-203.918457	-76.070543
 134	6.7000e-002	-200.958252	-76.027281
 135	6.7500e-002	-197.776794	-75.984019
 136	6.8000e-002	-195.053101	-76.052002
 137	6.8500e-002	-191.711426	-76.021101
 138	6.9000e-002	-188.919067	-75.977838
 139	6.9500e-002	-185.951233	-76.070543
 140	7.0000e-002	-182.922363	-75.712084
 141	7.0500e-002	-179.740906	-75.885133
 142	7.1000e-002	-176.834106	-75.854232
 143	7.1500e-002	-173.889160	-75.841871
 144	7.2000e-002	-170.738220	-75.885133
 145	7.2500e-002	-167.709351	-75.872773
 146	7.3000e-002	-164.962769	-75.854232
 147	7.3500e-002	-161.842346	-75.681183
 148	7.4000e-002	-158.691406	-75.798609
 149	7.4500e-002	-155.982971	-75.681183
 150	7.5000e-002	-152.740479	-75.767707
 151	7.5500e-002	-150.100708	-75.693543
 152	7.6000e-002	-146.995544	-75.520494
 153	7.6500e-002	-143.730164	-75.520494
 154	7.7000e-002	-140.457153	-75.501953
 155	7.7500e-002	-137.817383	-75.477232
 156	7.8000e-002	-134.910583	-75.483412
 157	7.8500e-002	-131.919861	-75.483412
 158	7.9000e-002	-128.898621	-75.489593
 159	7.9500e-002	-126.075745	-75.409248
 160	8.0000e-002	-123.046875	-75.341265
 161	8.0500e-002	-119.766235	-75.458691
 162	8.1000e-002	-116.813660	-75.335084
 163	8.1500e-002	-113.990784	-75.254740
 164	8.2000e-002	-110.916138	-75.310363
 165	8.2500e-002	-107.765198	-75.273281
 166	8.3000e-002	-104.980469	-75.310363
 167	8.3500e-002	-101.890564	-75.285642
 168	8.4000e-002	-99.021912	-74.995166
 169	8.4500e-002	-95.809937	-74.902462
 170	8.5000e-002	-93.017578	-75.155855
 171	8.5500e-002	-89.942932	-75.236199
 172	8.6000e-002	-87.242126	-75.174396
 173	8.6500e-002	-83.778381	-75.063150
 174	8.7000e-002	-80.802917	-75.044609
 175	8.7500e-002	-77.842712	-74.958084
 176	8.8000e-002	-74.996948	-74.951904
 177	8.8500e-002	-71.968079	-74.877740
 178	8.9000e-002	-68.923950	-74.661429
 179	8.9500e-002	-65.834045	-74.809757
 180	9.0000e-002	-63.064575	-74.834478
 181	9.0500e-002	-59.967041	-74.791216
 182	9.1000e-002	-56.800842	-74.717052
 183	9.1500e-002	-54.138184	-74.710871
 184	9.2000e-002	-51.147461	-74.710871
 185	9.2500e-002	-47.904968	-74.667609
 186	9.3000e-002	-44.815063	-74.599626
 187	9.3500e-002	-41.801453	-74.556363
 188	9.4000e-002	-38.833618	-74.531642
 189	9.4500e-002	-36.010742	-74.432757
 190	9.5000e-002	-32.905579	-74.395675
 191	9.5500e-002	-29.884338	-74.414216
 192	9.6000e-002	-26.885986	-74.395675
 193	9.6500e-002	-23.956299	-74.445117
 194	9.7000e-002	-21.179199	-74.296790
 195	9.7500e-002	-17.593384	-74.432757
 196	9.8000e-002	-15.029907	-74.272068
 197	9.8500e-002	-12.107849	-74.284429
 198	9.9000e-002	-8.827209	-74.228806
 199	9.9500e-002	-6.019592	-74.259708
 200	1.0000e-001	-3.120422	-74.043396
 201	1.0050e-001	0.160217	-74.117560
 202	1.0100e-001	2.990723	-73.956872
 203	1.0150e-001	6.095886	-74.037216
 204	1.0200e-001	8.941650	-73.956872
 205	1.0250e-001	11.901855	-73.963052
 206	1.0300e-001	15.106201	-73.932150
 207	1.0350e-001	17.837524	-73.839445
 208	1.0400e-001	20.874023	-73.827085
 209	1.0450e-001	23.979187	-73.647855
 210	1.0500e-001	26.763916	-73.734380
 211	1.0550e-001	30.075073	-73.629314
 212	1.0600e-001	33.241272	-73.672577
 213	1.0650e-001	35.881042	-73.598413
 214	1.0700e-001	38.902283	-73.561331
 215	1.0750e-001	41.969299	-73.431544
 216	1.0800e-001	44.746399	-73.357380
 217	1.0850e-001	48.027039	-73.314118
 218	1.0900e-001	50.910950	-73.369741
 219	1.0950e-001	53.863525	-73.345019
 220	1.1000e-001	57.060242	-73.153429
 221	1.1050e-001	60.112000	-73.042183
 222	1.1100e-001	63.232422	-72.807331
 223	1.1150e-001	65.887451	-72.770249
 224	1.1200e-001	68.954468	-72.529216
 225	1.1250e-001	71.983337	-72.269643
 226	1.1300e-001	75.027466	-72.133675
 227	1.1350e-001	77.972412	-71.824659
 228	1.1400e-001	80.665588	-71.169545
 229	1.1450e-001	83.877563	-70.761643
 230	1.1500e-001	86.723328	-70.366102
 231	1.1550e-001	89.645386	-69.599742
 232	1.1600e-001	92.758179	-68.579988
 233	1.1650e-001	95.764160	-67.541693
 234	1.1700e-001	98.747253	-66.280907
 235	1.1750e-001	101.417542	-64.859432
 236	1.1800e-001	104.690552	-63.376153
 237	1.1850e-001	107.460022	-61.497334
 238	1.1900e-001	110.282898	-59.538171
 239	1.1950e-001	113.639832	-57.418319
 240	1.2000e-001	116.348267	-54.921467
 241	1.2050e-001	119.422913	-52.375173
 242	1.2100e-001	122.131348	-49.791797
 243	1.2150e-001	125.038147	-46.985929
 244	1.2200e-001	128.334045	-44.112077
 245	1.2250e-001	130.950928	-40.892127
 246	1.2300e-001	134.101868	-37.746341
 247	1.2350e-001	136.962891	-34.433687
 248	1.2400e-001	140.350342	-31.232278
 249	1.2450e-001	142.700195	-27.864000
 250	1.2500e-001	146.041870	-24.674952
 251	1.2550e-001	148.605347	-21.288133
 252	1.2600e-001	151.885986	-18.024921
 253	1.2650e-001	155.128479	-14.749348
 254	1.2700e-001	158.050537	-11.387251
 255	1.2750e-001	161.003113	-8.192022
 256	1.2800e-001	164.031982	-4.829925
 257	1.2850e-001	166.999817	-1.597614
 258	1.2900e-001	170.028687	1.566713
 259	1.2950e-001	173.088074	4.959712
 260	1.3000e-001	176.239014	8.173481
 261	1.3050e-001	179.168701	11.257464
 262	1.3100e-001	182.342529	14.458873
 263	1.3150e-001	185.714722	17.338905
 264	1.3200e-001	188.247681	20.268379
 265	1.3250e-001	191.040039	23.086608
 266	1.3300e-001	194.122314	25.812132
 267	1.3350e-001	197.357178	28.519115
 268	1.3400e-001	200.157166	31.096311
 269	1.3450e-001	203.620911	33.543720
 270	1.3500e-001	206.443787	36.269243
 271	1.3550e-001	209.129333	38.908243
 272	1.3600e-001	212.081909	41.473078
 273	1.3650e-001	215.080261	43.901946
 274	1.3700e-001	218.177795	46.324634
 275	1.3750e-001	221.183777	48.920371
 276	1.3800e-001	224.090576	51.429583
 277	1.3850e-001	227.203369	53.932615
 278	1.3900e-001	230.133057	56.231697
 279	1.3950e-001	233.207703	58.586401
 280	1.4000e-001	236.244202	61.046171
 281	1.4050e-001	239.364624	63.357612
 282	1.4100e-001	242.622375	65.594891
 283	1.4150e-001	245.674133	67.739464
 284	1.4200e-001	248.680115	69.649184
 285	1.4250e-001	251.647949	71.354954
 286	1.4300e-001	254.783630	71.781397
 287	1.4350e-001	257.743835	72.096594
 288	1.4400e-001	261.032104	72.071872
 289	1.4450e-001	263.992310	71.991528
 290	1.4500e-001	266.937256	72.133675
 291	1.4550e-001	270.065308	72.251102
 292	1.4600e-001	272.880554	72.498315
 293	1.4650e-001	275.970459	72.640462
 294	1.4700e-001	278.945923	72.745528
 295	1.4750e-001	281.768799	73.134888
 296	1.4800e-001	284.942627	73.165790
 297	1.4850e-001	287.765503	73.141069
 298	1.4900e-001	290.969849	73.382101
 299	1.4950e-001	293.899536	73.536609
 300	1.5000e-001	296.920776	73.734380
 301	1.5050e-001	299.903870	73.963052
 302	1.5100e-001	296.936035	74.074298
 303	1.5150e-001	293.510437	74.265888
 304	1.5200e-001	290.634155	74.451298
 305	1.5250e-001	287.971497	74.432757
 306	1.5300e-001	284.912109	74.593445
 307	1.5350e-001	281.951904	74.778855
 308	1.5400e-001	278.915405	74.747953
 309	1.5450e-001	275.932312	74.896281
 310	1.5500e-001	272.811890	75.013707
 311	1.5550e-001	270.050049	75.001347
 312	1.5600e-001	266.944885	75.007527
 313	1.5650e-001	263.763428	75.081691
 314	1.5700e-001	260.681152	75.205298
 315	1.5750e-001	257.682800	75.032248
 316	1.5800e-001	254.608154	75.365986
 317	1.5850e-001	252.296448	75.192937
 318	1.5900e-001	248.962402	75.279461
 319	1.5950e-001	246.002197	75.452511
 320	1.6000e-001	243.194580	75.304183
 321	1.6050e-001	240.058899	75.359806
 322	1.6100e-001	236.892700	75.372166
 323	1.6150e-001	234.046936	75.316543
 324	1.6200e-001	230.918884	75.353625
 325	1.6250e-001	228.019714	75.285642
 326	1.6300e-001	224.761963	75.415429
 327	1.6350e-001	221.954346	75.372166
 328	1.6400e-001	218.994141	75.384527
 329	1.6450e-001	215.934753	75.335084
 330	1.6500e-001	212.783813	75.335084
 331	1.6550e-001	209.991455	75.328904
 332	1.6600e-001	207.244873	75.279461
 333	1.6650e-001	204.124451	75.186757
 334	1.6700e-001	200.973511	75.254740
 335	1.6750e-001	197.807312	75.341265
 336	1.6800e-001	194.877625	75.106412
 337	1.6850e-001	192.024231	75.131134
 338	1.6900e-001	188.751221	75.162035
 339	1.6950e-001	185.783386	75.223838
 340	1.7000e-001	182.998657	75.124953
 341	1.7050e-001	180.000305	75.106412
 342	1.7100e-001	177.040100	75.106412
 343	1.7150e-001	173.675537	75.063150
 344	1.7200e-001	170.936584	75.007527
 345	1.7250e-001	167.907715	74.890101
 346	1.7300e-001	164.970398	75.155855
 347	1.7350e-001	161.872864	74.908642
 348	1.7400e-001	158.798218	74.723232
 349	1.7450e-001	155.792236	74.840658
 350	1.7500e-001	152.915955	74.902462
 351	1.7550e-001	149.894714	74.921003
 352	1.7600e-001	147.064209	74.840658
 353	1.7650e-001	143.821716	74.778855
 354	1.7700e-001	140.869141	74.822117
 355	1.7750e-001	138.053894	74.766494
 356	1.7800e-001	135.269165	74.698511
 357	1.7850e-001	131.896973	74.568724
 358	1.7900e-001	129.020691	74.667609
 359	1.7950e-001	126.098633	74.574904
 360	1.8000e-001	123.023987	74.544003
 361	1.8050e-001	120.025635	74.550183
 362	1.8100e-001	116.981506	74.476019
 363	1.8150e-001	113.883972	74.401855
 364	1.8200e-001	110.961914	74.389494
 365	1.8250e-001	108.200073	74.476019
 366	1.8300e-001	104.965210	74.358593
 367	1.8350e-001	102.210999	74.296790
 368	1.8400e-001	99.151611	74.259708
 369	1.8450e-001	95.825195	74.272068
 370	1.8500e-001	92.956543	74.241167
 371	1.8550e-001	89.645386	74.247347
 372	1.8600e-001	86.875916	74.160822
 373	1.8650e-001	84.091187	74.099019
 374	1.8700e-001	80.894470	74.154642
 375	1.8750e-001	77.980042	74.049577
 376	1.8800e-001	75.187683	74.333872
 377	1.8850e-001	71.960449	74.129921
 378	1.8900e-001	69.274902	73.950691
 379	1.8950e-001	66.101074	73.987773
 380	1.9000e-001	63.056946	74.031036
 381	1.9050e-001	60.317993	73.857986
 382	1.9100e-001	56.716919	73.746741
 383	1.9150e-001	54.122925	73.641675
 384	1.9200e-001	50.872803	73.845626
 385	1.9250e-001	47.973633	73.796183
 386	1.9300e-001	45.333862	73.709659
 387	1.9350e-001	41.702271	73.703478
 388	1.9400e-001	38.970947	73.746741
 389	1.9450e-001	36.285400	73.604593
 390	1.9500e-001	32.783508	73.530429
 391	1.9550e-001	29.998779	73.530429
 392	1.9600e-001	27.038574	73.505708
 393	1.9650e-001	23.780823	73.437724
 394	1.9700e-001	21.018982	73.369741
 395	1.9750e-001	17.677307	73.326478
 396	1.9800e-001	14.915466	73.289396
 397	1.9850e-001	11.985779	73.202872
 398	1.9900e-001	9.483337	73.048364
 399	1.9950e-001	6.202698	72.924757
 400	2.0000e-001	3.173828	73.036003
 401	2.0050e-001	0.000000	73.023642
 402	2.0100e-001	-2.746582	72.906216
 403	2.0150e-001	-5.844116	72.659003
 404	2.0200e-001	-8.949280	72.393249
 405	2.0250e-001	-11.947632	71.725774
 406	2.0300e-001	-14.724731	71.565085
 407	2.0350e-001	-18.081665	71.101561
 408	2.0400e-001	-20.736694	70.329020
 409	2.0450e-001	-23.857117	69.500857
 410	2.0500e-001	-26.634216	68.549086
 411	2.0550e-001	-29.708862	67.325382
 412	2.0600e-001	-32.203674	66.132579
 413	2.0650e-001	-35.316467	64.482432
 414	2.0700e-001	-38.345337	62.764301
 415	2.0750e-001	-41.687012	60.910203
 416	2.0800e-001	-44.265747	58.932499
 417	2.0850e-001	-47.386169	56.633418
 418	2.0900e-001	-50.270081	54.513566
 419	2.0950e-001	-53.077698	52.245386
 420	2.1000e-001	-56.449890	49.890682
 421	2.1050e-001	-58.937073	47.443273
 422	2.1100e-001	-62.179565	45.255437
 423	2.1150e-001	-65.040588	42.962537
 424	2.1200e-001	-68.305969	40.583111
 425	2.1250e-001	-71.372986	37.944112
 426	2.1300e-001	-74.150085	35.298932
 427	2.1350e-001	-77.110291	32.944228
 428	2.1400e-001	-79.917908	30.367032
 429	2.1450e-001	-83.374023	27.746574
 430	2.1500e-001	-86.341858	25.317706
 431	2.1550e-001	-89.431763	22.851756
 432	2.1600e-001	-92.323303	20.089150
 433	2.1650e-001	-95.245361	17.573757
 434	2.1700e-001	-98.068237	14.928578
 435	2.1750e-001	-101.005554	12.339021
 436	2.1800e-001	-104.187012	9.712382
 437	2.1850e-001	-107.154846	7.122826
 438	2.1900e-001	-110.160828	4.422023
 439	2.1950e-001	-113.243103	1.523450
 440	2.2000e-001	-116.218567	-1.745942
 441	2.2050e-001	-119.247437	-4.953531
 442	2.2100e-001	-121.749878	-8.142580
 443	2.2150e-001	-124.671936	-11.714808
 444	2.2200e-001	-127.693176	-15.262315
 445	2.2250e-001	-130.828857	-18.865445
 446	2.2300e-001	-133.979797	-22.579821
 447	2.2350e-001	-136.795044	-26.269476
 448	2.2400e-001	-139.755249	-30.008573
 449	2.2450e-001	-143.035889	-33.871277
 450	2.2500e-001	-146.064758	-37.542391
 451	2.2550e-001	-148.956299	-41.256767
 452	2.2600e-001	-152.061462	-45.020585
 453	2.2650e-001	-154.953003	-48.679338
 454	2.2700e-001	-158.073425	-52.245386
 455	2.2750e-001	-160.903931	-55.558041
 456	2.2800e-001	-163.940430	-58.932499
 457	2.2850e-001	-166.862488	-62.158629
 458	2.2900e-001	-170.303345	-65.335317
 459	2.2950e-001	-173.240662	-68.202988
 460	2.3000e-001	-176.773071	-70.452627
 461	2.3050e-001	-180.076599	-71.466200
 462	2.3100e-001	-183.517456	-71.361135
 463	2.3150e-001	-186.271667	-71.571266
 464	2.3200e-001	-189.201355	-71.441479
 465	2.3250e-001	-192.077637	-71.713413
 466	2.3300e-001	-194.915771	-71.818479
 467	2.3350e-001	-197.967529	-71.880282
 468	2.3400e-001	-201.004028	-71.923544
 469	2.3450e-001	-203.956604	-71.799938
 470	2.3500e-001	-206.794739	-71.917364
 471	2.3550e-001	-210.083008	-71.985348
 472	2.3600e-001	-213.096619	-71.979167
 473	2.3650e-001	-216.018677	-72.053331
 474	2.3700e-001	-219.024658	-72.102774
 475	2.3750e-001	-221.908569	-72.170757
 476	2.3800e-001	-225.173950	-72.226380
 477	2.3850e-001	-228.210449	-72.387069
 478	2.3900e-001	-230.949402	-72.387069
 479	2.3950e-001	-233.688354	-72.461233
 480	2.4000e-001	-237.403870	-72.387069
 481	2.4050e-001	-239.990234	-72.473593
 482	2.4100e-001	-243.034363	-72.547757
 483	2.4150e-001	-245.834351	-72.566298
 484	2.4200e-001	-249.046326	-72.671364
 485	2.4250e-001	-251.739502	-72.825872
 486	2.4300e-001	-255.035400	-72.906216
 487	2.4350e-001	-258.071899	-72.961839
 488	2.4400e-001	-260.841370	-73.060724
 489	2.4450e-001	-264.076233	-73.190511
 490	2.4500e-001	-266.838074	-73.215233
 491	2.4550e-001	-270.156860	-73.301757
 492	2.4600e-001	-272.789001	-73.320298
 493	2.4650e-001	-276.466370	-73.301757
 494	2.4700e-001	-279.335022	-73.437724
 495	2.4750e-001	-282.211304	-73.604593
 496	2.4800e-001	-284.835815	-73.790003
 497	2.4850e-001	-288.055420	-73.975413
 498	2.4900e-001	-290.969849	-74.024855
 499	2.4950e-001	-293.983459	-74.302970
 500	2.5000e-001	-296.783447	-74.438937
 501	2.5050e-001	-300.071716	-74.556363
 502	2.5100e-001	-296.951294	-74.649068
 503	2.5150e-001	-293.907166	-74.704691
 504	2.5200e-001	-290.969849	-74.958084
 505	2.5250e-001	-288.238525	-74.982806
 506	2.5300e-001	-285.034180	-75.069330
 507	2.5350e-001	-282.012939	-75.199117
 508	2.5400e-001	-278.907776	-75.199117
 509	2.5450e-001	-276.016235	-75.273281
 510	2.5500e-001	-272.949219	-75.372166
 511	2.5550e-001	-269.973755	-75.409248
 512	2.5600e-001	-267.189026	-75.471052
 513	2.5650e-001	-263.702393	-75.421609
 514	2.5700e-001	-260.955811	-75.477232
 515	2.5750e-001	-257.789612	-75.637920
 516	2.5800e-001	-254.943848	-75.483412
 517	2.5850e-001	-251.808167	-75.594658
 518	2.5900e-001	-249.114990	-75.489593
 519	2.5950e-001	-245.872498	-75.693543
 520	2.6000e-001	-243.080139	-75.693543
 521	2.6050e-001	-240.051270	-75.724445
 522	2.6100e-001	-236.984253	-75.780068
 523	2.6150e-001	-233.970642	-75.841871
 524	2.6200e-001	-230.857849	-75.798609
 525	2.6250e-001	-228.324890	-75.569937
 526	2.6300e-001	-224.922180	-75.650281
 527	2.6350e-001	-221.900940	-75.675002
 528	2.6400e-001	-218.788147	-75.662642
 529	2.6450e-001	-216.125488	-75.718265
 530	2.6500e-001	-212.974548	-75.749166
 531	2.6550e-001	-209.983826	-75.675002
 532	2.6600e-001	-206.916809	-75.625560
 533	2.6650e-001	-204.101563	-75.705904
 534	2.6700e-001	-200.935364	-75.718265
 535	2.6750e-001	-197.959900	-75.594658
 536	2.6800e-001	-194.885254	-75.656461
 537	2.6850e-001	-191.871643	-75.631740
 538	2.6900e-001	-188.919067	-75.520494
 539	2.6950e-001	-185.890198	-75.489593
 540	2.7000e-001	-182.861328	-75.526674
 541	2.7050e-001	-179.733276	-75.514314
 542	2.7100e-001	-176.780701	-75.446330
 543	2.7150e-001	-173.561096	-75.532855
 544	2.7200e-001	-170.860291	-75.551396
 545	2.7250e-001	-167.907715	-75.446330
 546	2.7300e-001	-165.061951	-75.427789
 547	2.7350e-001	-161.880493	-75.458691
 548	2.7400e-001	-158.828735	-75.433970
 549	2.7450e-001	-155.654907	-75.285642
 550	2.7500e-001	-152.770996	-75.322724
 551	2.7550e-001	-149.757385	-75.285642
 552	2.7600e-001	-146.728516	-74.958084
 553	2.7650e-001	-144.104004	-75.162035
 554	2.7700e-001	-140.769958	-75.205298
 555	2.7750e-001	-137.886047	-75.199117
 556	2.7800e-001	-134.574890	-75.205298
 557	2.7850e-001	-131.690979	-75.316543
 558	2.7900e-001	-128.540039	-75.180576
 559	2.7950e-001	-126.045227	-75.032248
 560	2.8000e-001	-122.665405	-75.044609
 561	2.8050e-001	-119.926453	-75.100232
 562	2.8100e-001	-116.806030	-74.995166
 563	2.8150e-001	-114.128113	-74.976625
 564	2.8200e-001	-110.755920	-74.958084
 565	2.8250e-001	-107.795715	-74.883921
 566	2.8300e-001	-104.911804	-74.803576
 567	2.8350e-001	-101.753235	-74.834478
 568	2.8400e-001	-98.854065	-74.890101
 569	2.8450e-001	-95.970154	-74.828298
 570	2.8500e-001	-92.727661	-74.840658
 571	2.8550e-001	-90.003967	-74.815937
 572	2.8600e-001	-87.043762	-74.760314
 573	2.8650e-001	-84.068298	-74.649068
 574	2.8700e-001	-81.047058	-74.624347
 575	2.8750e-001	-77.514648	-74.729412
 576	2.8800e-001	-75.073242	-74.611986
 577	2.8850e-001	-71.846008	-74.605806
 578	2.8900e-001	-68.969727	-74.525462
 579	2.8950e-001	-65.597534	-74.642888
 580	2.9000e-001	-63.011169	-74.519281
 581	2.9050e-001	-59.791565	-74.500740
 582	2.9100e-001	-56.762695	-74.259708
 583	2.9150e-001	-53.947449	-74.228806
 584	2.9200e-001	-51.124573	-74.358593
 585	2.9250e-001	-47.813416	-74.414216
 586	2.9300e-001	-44.967651	-74.377134
 587	2.9350e-001	-41.946411	-74.358593
 588	2.9400e-001	-38.589478	-74.228806
 589	2.9450e-001	-35.842896	-74.222626
 590	2.9500e-001	-32.966614	-74.123740
 591	2.9550e-001	-30.120850	-74.228806
 592	2.9600e-001	-26.870728	-74.123740
 593	2.9650e-001	-24.017334	-74.105199
 594	2.9700e-001	-20.866394	-74.148462
 595	2.9750e-001	-17.883301	-74.061937
 596	2.9800e-001	-14.862061	-74.006314
 597	2.9850e-001	-12.039185	-74.068118
 598	2.9900e-001	-9.040833	-73.876527
 599	2.9950e-001	-5.592346	-74.049577
 600	3.0000e-001	-2.861023	-73.981593
 601	3.0050e-001	-0.297546	-73.864167
 602	3.0100e-001	3.387451	-73.827085
 603	3.0150e-001	5.958557	-73.734380
 604	3.0200e-001	8.979797	-73.839445
 605	3.0250e-001	11.878967	-73.771462
 606	3.0300e-001	14.877319	-73.728200
 607	3.0350e-001	17.875671	-73.660216
 608	3.0400e-001	20.866394	-73.598413
 609	3.0450e-001	23.773193	-73.592232
 610	3.0500e-001	27.175903	-73.487167
 611	3.0550e-001	29.968262	-73.487167
 612	3.0600e-001	33.081055	-73.542790
 613	3.0650e-001	36.018372	-73.443905
 614	3.0700e-001	39.222717	-73.394462
 615	3.0750e-001	41.976929	-73.400642
 616	3.0800e-001	45.059204	-73.283216
 617	3.0850e-001	48.095703	-73.320298
 618	3.0900e-001	51.132202	-73.079265
 619	3.0950e-001	53.771973	-72.937118
 620	3.1000e-001	56.976318	-73.066905
 621	3.1050e-001	59.875488	-73.097806
 622	3.1100e-001	63.133240	-72.881495
 623	3.1150e-001	65.887451	-72.856774
 624	3.1200e-001	69.038391	-72.689905
 625	3.1250e-001	71.784973	-72.560118
 626	3.1300e-001	74.806213	-72.393249
 627	3.1350e-001	77.812195	-72.306725
 628	3.1400e-001	81.146240	-72.010069
 629	3.1450e-001	83.908081	-71.608348
 630	3.1500e-001	86.662292	-71.293151
 631	3.1550e-001	89.668274	-70.761643
 632	3.1600e-001	92.636108	-70.106529
 633	3.1650e-001	95.626831	-69.253644
 634	3.1700e-001	98.701477	-68.462562
 635	3.1750e-001	101.631165	-67.313021
 636	3.1800e-001	104.484558	-66.008972
 637	3.1850e-001	107.528687	-64.575137
 638	3.1900e-001	110.549927	-62.974432
 639	3.1950e-001	113.510132	-61.151236
 640	3.2000e-001	116.516113	-59.025204
 641	3.2050e-001	119.155884	-56.553073
 642	3.2100e-001	122.467041	-54.321976
 643	3.2150e-001	124.908447	-51.744780
 644	3.2200e-001	128.433228	-49.043977
 645	3.2250e-001	131.072998	-46.034159
 646	3.2300e-001	134.231567	-42.981077
 647	3.2350e-001	137.115479	-39.810570
 648	3.2400e-001	139.900208	-36.578260
 649	3.2450e-001	143.226624	-33.117277
 650	3.2500e-001	145.744324	-29.779901
 651	3.2550e-001	148.452759	-26.411623
 652	3.2600e-001	152.091980	-23.018624
 653	3.2650e-001	154.876709	-19.483478
 654	3.2700e-001	157.852173	-16.232626
 655	3.2750e-001	161.003113	-12.635677
 656	3.2800e-001	163.970947	-9.236497
 657	3.2850e-001	166.870117	-5.806416
 658	3.2900e-001	170.318604	-2.252729
 659	3.2950e-001	172.615051	1.282418
 660	3.3000e-001	175.643921	4.731040
 661	3.3050e-001	179.008484	8.321809
 662	3.3100e-001	181.823730	11.733349
 663	3.3150e-001	184.967041	15.256135
 664	3.3200e-001	187.767029	18.741839
 665	3.3250e-001	190.795898	22.307887
 666	3.3300e-001	193.809509	25.812132
 667	3.3350e-001	197.227478	29.279295
 668	3.3400e-001	200.050354	32.777359
 669	3.3450e-001	202.781677	36.046752
 670	3.3500e-001	205.841064	39.204898
 671	3.3550e-001	209.289551	42.641160
 672	3.3600e-001	212.135315	45.589175
 673	3.3650e-001	214.767456	48.753502
 674	3.3700e-001	218.269348	51.602632
 675	3.3750e-001	220.916748	54.470304
 676	3.3800e-001	224.304199	57.319434
 677	3.3850e-001	227.104187	60.477581
 678	3.3900e-001	230.300903	63.054776
 679	3.3950e-001	233.497620	65.557809
 680	3.4000e-001	236.541748	68.141185
 681	3.4050e-001	239.303589	70.563873
 682	3.4100e-001	243.072510	71.898823
 683	3.4150e-001	246.063232	72.152216
 684	3.4200e-001	249.008179	72.139856
 685	3.4250e-001	251.869202	72.312905
 686	3.4300e-001	254.570007	72.387069
 687	3.4350e-001	258.064270	72.380889
 688	3.4400e-001	261.032104	72.529216
 689	3.4450e-001	263.999939	72.560118
 690	3.4500e-001	267.028809	72.665184
 691	3.4550e-001	269.821167	72.998921
 692	3.4600e-001	272.697449	73.141069
 693	3.4650e-001	275.840759	73.190511
 694	3.4700e-001	279.205322	73.320298
 695	3.4750e-001	281.867981	73.462446
 696	3.4800e-001	284.988403	73.468626
 697	3.4850e-001	287.902832	73.752921
 698	3.4900e-001	290.779114	73.839445
 699	3.4950e-001	293.731689	73.870347
 700	3.5000e-001	296.577454	74.105199
 701	3.5050e-001	299.804688	74.154642
 702	3.5100e-001	297.035217	74.476019
 703	3.5150e-001	293.914795	74.704691
 704	3.5200e-001	290.809631	74.840658
 705	3.5250e-001	288.017273	74.828298
 706	3.5300e-001	284.767151	74.939543
 707	3.5350e-001	281.860352	75.124953
 708	3.5400e-001	278.884888	75.186757
 709	3.5450e-001	275.627136	75.279461
 710	3.5500e-001	272.621155	75.427789
 711	3.5550e-001	269.645691	75.458691
 712	3.5600e-001	266.754150	75.421609
 713	3.5650e-001	264.274597	75.483412
 714	3.5700e-001	260.681152	75.427789
 715	3.5750e-001	257.904053	75.668822
 716	3.5800e-001	255.195618	75.563756
 717	3.5850e-001	252.182007	75.532855
 718	3.5900e-001	249.053955	75.551396
 719	3.5950e-001	246.070862	75.730625
 720	3.6000e-001	243.095398	75.650281
 721	3.6050e-001	239.730835	75.792428
 722	3.6100e-001	236.862183	75.681183
 723	3.6150e-001	233.665466	75.687363
 724	3.6200e-001	230.827332	75.693543
 725	3.6250e-001	227.821350	75.712084
 726	3.6300e-001	225.250244	75.792428
 727	3.6350e-001	222.015381	75.835691
 728	3.6400e-001	218.849182	75.841871
 729	3.6450e-001	215.904236	75.724445
 730	3.6500e-001	212.959290	75.736806
 731	3.6550e-001	209.960938	75.675002
 732	3.6600e-001	207.061768	75.569937
 733	3.6650e-001	203.971863	75.625560
 734	3.6700e-001	200.874329	75.637920
 735	3.6750e-001	198.287964	75.594658
 736	3.6800e-001	194.869995	75.539035
 737	3.6850e-001	191.680908	75.600838
 738	3.6900e-001	188.972473	75.452511
 739	3.6950e-001	185.890198	75.563756
 740	3.7000e-001	182.891846	75.681183
 741	3.7050e-001	179.885864	75.427789
 742	3.7100e-001	176.918030	75.353625
 743	3.7150e-001	174.148560	75.427789
 744	3.7200e-001	170.951843	75.384527
 745	3.7250e-001	167.823792	75.421609
 746	3.7300e-001	164.970398	75.396888
 747	3.7350e-001	161.849976	75.353625
 748	3.7400e-001	158.981323	75.291822
 749	3.7450e-001	155.975342	75.211478
 750	3.7500e-001	152.969360	75.427789
 751	3.7550e-001	149.948120	75.230019
 752	3.7600e-001	146.949768	75.143494
 753	3.7650e-001	144.203186	75.180576
 754	3.7700e-001	140.747070	75.174396
 755	3.7750e-001	138.000488	75.273281
 756	3.7800e-001	134.948730	75.063150
 757	3.7850e-001	131.713867	75.001347
 758	3.7900e-001	128.944397	75.044609
 759	3.7950e-001	125.976563	74.921003
 760	3.8000e-001	123.077393	74.970445
 761	3.8050e-001	120.277405	74.927183
 762	3.8100e-001	117.225647	74.982806
 763	3.8150e-001	113.899231	74.791216
 764	3.8200e-001	110.931396	74.574904
 765	3.8250e-001	107.795715	74.710871
 766	3.8300e-001	104.980469	74.766494
 767	3.8350e-001	102.134705	74.791216
 768	3.8400e-001	98.968506	74.661429
 769	3.8450e-001	95.947266	74.593445
 770	3.8500e-001	92.643738	74.822117
 771	3.8550e-001	90.011597	74.550183
 772	3.8600e-001	87.150574	74.550183
 773	3.8650e-001	84.068298	74.593445
 774	3.8700e-001	81.184387	74.562544
 775	3.8750e-001	77.964783	74.519281
 776	3.8800e-001	74.989319	74.469839
 777	3.8850e-001	72.349548	74.457478
 778	3.8900e-001	68.832397	74.544003
 779	3.8950e-001	65.910339	74.408035
 780	3.9000e-001	63.110352	74.302970
 781	3.9050e-001	59.967041	74.296790
 782	3.9100e-001	57.052612	74.216445
 783	3.9150e-001	54.100037	74.265888
 784	3.9200e-001	50.666809	74.302970
 785	3.9250e-001	48.019409	74.197904
 786	3.9300e-001	45.150757	74.129921
 787	3.9350e-001	41.961670	74.092839
 788	3.9400e-001	38.993835	74.204085
 789	3.9450e-001	35.972595	73.944511
 790	3.9500e-001	32.661438	74.092839
 791	3.9550e-001	29.861450	73.876527
 792	3.9600e-001	26.969910	73.870347
 793	3.9650e-001	24.124146	73.919790
 794	3.9700e-001	20.942688	73.783823
 795	3.9750e-001	17.784119	73.375921
 796	3.9800e-001	14.900208	73.555150
 797	3.9850e-001	12.107849	73.684937
 798	3.9900e-001	9.002686	73.691118
 799	3.9950e-001	6.057739	73.598413
 800	4.0000e-001	3.524780	73.338839
 801	4.0050e-001	0.259399	73.190511

Center data before PMax,±Pr and ±Vc Calc.

PMax (µC/cm2):	7.42e+001
Pr (µC/cm2):	7.32e+001
-Pr (µC/cm2):	-7.39e+001
Vc:	1.72e+000
-Vc:	-1.15e+000
C (Max-Eff) (nF):	-1.53e+000
K (Eff):	-2.79e+003
Vert. (±Pr) Shift (µC/cm2):	-3.35e-001
Horiz. Shift (±Vc):	2.86e-001
Offset (µC/cm2):	-1.83e+001

A (Loop Area - µC/cm2·Volts):	4.22e+002



Hysteresis Version: 5.16.2 - Radiant Technologies, Inc., 1999 - 3/20/18

