»»»»»»»»»»»»»»»»»»»»»»»»»»»»»»»»»»»» Hysteresis ««««««««««««««««««««««««««««««««««««
»»»  Executed Version:	5.16.2
»»»  Vision Version:	5.16.10 (R)
»»»  Vision Compiled:	4/26/18
»»»  Driver Version:	5.16.6
»»»  Windows Version:	Windows 8
»»»  Processor Information:	x86 (AMD or Intel) - 8 Processors
»»»  Tester Name:	PPM21016-863
»»»  Tester S/N:	PPM21016-863
»»»  Internal Amp Type:	 RTI ML200V    
»»»  Internal Amp S/N:	 iAB2-0000     
»»»  Execution Count:	1
»»»»»»»»»»»»»»»»»»»»»»»»»»»»»»»»»»»»»»»»»»««««««««««««««««««««««««««««««««««««««««««

Stored:	8/1/2018 - 14:34:49
Configured:	08/01/18 01:24:35 PM
Executed:	08/01/18 02:33:52 PM

»»»»»»»»»»»»»»»»»»»»»»»»»»»»»»»»»»» Sample Info ««««««««««««««««««««««««««««««««««««
Sample Name:	Internal Reference Cap.
Lot Name:	N/A
Wafer Name:	N/A
Die Row/Column:	0/0
Capacitor Number:	0
Sample Area (cm2):	6.20e-005
Sample Thickness (µm):	1.00e-001

Mux Loop Adjustment:	Disabled

Amplifier:	Internal

»»»»»»»»»»»»»»»»»»»»»»»»»»»»»»»»»»» Tester Info «««««««««««««««««««««««««««««««««««
Tester Name:	PPM21016-863
Tester Serial Number:	PPM21016-863
Return Signal Amp. Level:	2.0 [Index: 1]

»»»»»»»»»»»»»»»»»»»»»»»»»»»»»»»» Hysteresis Info ««««««««««««««««««««««««««««««««««
Task Name:	Hyst-1
Volts:	3.00
Field:	300.00 (kV/cm)
Hysteresis Period (ms):	4.00e-001
Preset:	Enabled
Preset Delay (ms):	1.00e+003
Profile:	Double Bipolar

»»»»»»»»»»»»»»»»»»»»»»»»»»»»»»»»»»»»»» Data «««««««««««««««««««««««««««««««««««««««
Points:	801

Valid Data

Point	Time (ms)	Field (kV/cm)	Measured Polarization
   1	5.0000e-004	-0.114441	-18.669766
   2	1.0000e-003	2.822876	-18.539319
   3	1.5000e-003	5.851746	-18.384415
   4	2.0000e-003	9.048462	-18.190104
   5	2.5000e-003	11.978149	-17.986962
   6	3.0000e-003	14.900208	-17.769551
   7	3.5000e-003	17.822266	-17.513415
   8	4.0000e-003	21.003723	-17.213117
   9	4.5000e-003	23.895264	-16.852352
  10	5.0000e-003	26.954651	-16.408699
  11	5.5000e-003	29.922485	-15.895747
  12	6.0000e-003	33.065796	-15.339312
  13	6.5000e-003	35.682678	-14.703387
  14	7.0000e-003	38.864136	-13.994086
  15	7.5000e-003	41.580200	-13.177439
  16	8.0000e-003	44.921875	-12.375059
  17	8.5000e-003	47.492981	-11.460578
  18	9.0000e-003	50.842285	-10.489025
  19	9.5000e-003	53.604126	-9.448174
  20	1.0000e-002	56.777954	-8.330549
  21	1.0500e-002	59.623718	-7.181672
  22	1.1000e-002	62.736511	-5.961457
  23	1.1500e-002	65.658569	-4.688248
  24	1.2000e-002	68.550110	-3.400092
  25	1.2500e-002	71.670532	-2.032446
  26	1.3000e-002	74.546814	-0.668876
  27	1.3500e-002	77.415466	0.723908
  28	1.4000e-002	80.619812	2.164931
  29	1.4500e-002	83.419800	3.580815
  30	1.5000e-002	86.585999	5.019799
  31	1.5500e-002	89.775085	6.418698
  32	1.6000e-002	92.391968	7.809444
  33	1.6500e-002	95.878601	9.207664
  34	1.7000e-002	98.747253	10.599089
  35	1.7500e-002	101.783752	11.995950
  36	1.8000e-002	104.454041	13.360200
  37	1.8500e-002	107.757568	14.750266
  38	1.9000e-002	110.610962	16.161395
  39	1.9500e-002	113.540649	17.603776
  40	2.0000e-002	116.622925	19.104586
  41	2.0500e-002	119.293213	20.625778
  42	2.1000e-002	122.550964	22.184338
  43	2.1500e-002	125.671387	23.785701
  44	2.2000e-002	128.425598	25.444813
  45	2.2500e-002	131.591797	27.167789
  46	2.3000e-002	134.689331	28.906391
  47	2.3500e-002	137.390137	30.662659
  48	2.4000e-002	140.640259	32.458331
  49	2.4500e-002	143.432617	34.284577
  50	2.5000e-002	146.667480	36.146832
  51	2.5500e-002	149.322510	38.007049
  52	2.6000e-002	152.503967	39.868624
  53	2.6500e-002	155.540466	41.693511
  54	2.7000e-002	158.668518	43.479672
  55	2.7500e-002	161.399841	45.202648
  56	2.8000e-002	164.741516	46.856325
  57	2.8500e-002	167.587280	48.366647
  58	2.9000e-002	170.524597	49.732255
  59	2.9500e-002	173.957825	50.910347
  60	3.0000e-002	176.826477	51.902961
  61	3.0500e-002	179.855347	52.698546
  62	3.1000e-002	183.074951	53.325639
  63	3.1500e-002	185.943604	53.814133
  64	3.2000e-002	188.842773	54.221777
  65	3.2500e-002	191.879272	54.583901
  66	3.3000e-002	194.862366	54.884199
  67	3.3500e-002	197.975159	55.138976
  68	3.4000e-002	200.904846	55.370654
  69	3.4500e-002	203.941345	55.621355
  70	3.5000e-002	207.069397	55.836727
  71	3.5500e-002	209.846497	56.059573
  72	3.6000e-002	213.035583	56.276304
  73	3.6500e-002	216.041565	56.499149
  74	3.7000e-002	219.261169	56.684627
  75	3.7500e-002	221.855164	56.883014
  76	3.8000e-002	225.044250	57.085477
  77	3.8500e-002	227.874756	57.298811
  78	3.9000e-002	230.789185	57.474778
  79	3.9500e-002	234.039307	57.663653
  80	4.0000e-002	236.869812	57.860681
  81	4.0500e-002	239.891052	58.055671
  82	4.1000e-002	242.897034	58.235034
  83	4.1500e-002	246.009827	58.419153
  84	4.2000e-002	249.191284	58.614143
  85	4.2500e-002	251.930237	58.795545
  86	4.3000e-002	254.959106	58.970153
  87	4.3500e-002	258.140564	59.123699
  88	4.4000e-002	260.734558	59.307818
  89	4.4500e-002	263.847351	59.478349
  90	4.5000e-002	266.921997	59.681492
  91	4.5500e-002	269.927979	59.852023
  92	4.6000e-002	272.941589	60.019157
  93	4.6500e-002	276.054382	60.169985
  94	4.7000e-002	278.991699	60.328967
  95	4.7500e-002	282.081604	60.527353
  96	4.8000e-002	285.148621	60.703320
  97	4.8500e-002	288.139343	60.873851
  98	4.9000e-002	290.916443	61.032153
  99	4.9500e-002	293.998718	61.217631
 100	5.0000e-002	297.027588	61.363024
 101	5.0500e-002	299.858093	61.555976
 102	5.1000e-002	296.958923	61.476485
 103	5.1500e-002	294.311523	61.373215
 104	5.2000e-002	291.038513	61.252281
 105	5.2500e-002	288.047791	61.125232
 106	5.3000e-002	284.835815	61.019924
 107	5.3500e-002	282.089233	60.890157
 108	5.4000e-002	279.129028	60.760390
 109	5.4500e-002	275.970459	60.645570
 110	5.5000e-002	273.017883	60.532109
 111	5.5500e-002	270.019531	60.395549
 112	5.6000e-002	267.120361	60.276652
 113	5.6500e-002	264.007568	60.154359
 114	5.7000e-002	260.948181	60.012363
 115	5.7500e-002	258.049011	59.896864
 116	5.8000e-002	255.119324	59.752829
 117	5.8500e-002	252.182007	59.618986
 118	5.9000e-002	248.992920	59.496693
 119	5.9500e-002	246.299744	59.378476
 120	6.0000e-002	242.942810	59.248709
 121	6.0500e-002	239.898682	59.101278
 122	6.1000e-002	236.968994	58.950450
 123	6.1500e-002	234.092712	58.818645
 124	6.2000e-002	231.071472	58.648793
 125	6.2500e-002	228.080750	58.542126
 126	6.3000e-002	225.036621	58.401489
 127	6.3500e-002	221.984863	58.261531
 128	6.4000e-002	219.154358	58.099832
 129	6.4500e-002	216.133118	57.955798
 130	6.5000e-002	212.936401	57.807008
 131	6.5500e-002	209.869385	57.662294
 132	6.6000e-002	207.077026	57.512824
 133	6.6500e-002	204.032898	57.353843
 134	6.7000e-002	201.103210	57.218641
 135	6.7500e-002	198.135376	57.063057
 136	6.8000e-002	195.060730	56.927176
 137	6.8500e-002	191.986084	56.774988
 138	6.9000e-002	189.170837	56.610572
 139	6.9500e-002	185.920715	56.435285
 140	7.0000e-002	182.983398	56.291930
 141	7.0500e-002	179.801941	56.134308
 142	7.1000e-002	177.055359	55.986197
 143	7.1500e-002	173.858643	55.823139
 144	7.2000e-002	171.127319	55.647173
 145	7.2500e-002	168.197632	55.475962
 146	7.3000e-002	164.924622	55.322416
 147	7.3500e-002	162.048340	55.150526
 148	7.4000e-002	158.973694	54.997660
 149	7.4500e-002	155.906677	54.826449
 150	7.5000e-002	153.137207	54.671544
 151	7.5500e-002	149.902344	54.466363
 152	7.6000e-002	146.690369	54.293794
 153	7.6500e-002	144.271851	54.135492
 154	7.7000e-002	141.166687	53.937785
 155	7.7500e-002	137.931824	53.769292
 156	7.8000e-002	134.895325	53.596043
 157	7.8500e-002	132.164001	53.411924
 158	7.9000e-002	129.089355	53.223728
 159	7.9500e-002	126.182556	53.049800
 160	8.0000e-002	122.901917	52.871795
 161	8.0500e-002	120.223999	52.680882
 162	8.1000e-002	117.004395	52.485212
 163	8.1500e-002	114.204407	52.284787
 164	8.2000e-002	111.038208	52.091156
 165	8.2500e-002	108.169556	51.922663
 166	8.3000e-002	105.590820	51.735826
 167	8.3500e-002	102.134705	51.508905
 168	8.4000e-002	99.082947	51.290135
 169	8.4500e-002	95.886230	51.093787
 170	8.5000e-002	93.078613	50.871621
 171	8.5500e-002	90.042114	50.665081
 172	8.6000e-002	87.234497	50.452427
 173	8.6500e-002	84.030151	50.225505
 174	8.7000e-002	81.085205	49.983636
 175	8.7500e-002	78.102112	49.756714
 176	8.8000e-002	75.141907	49.544739
 177	8.8500e-002	72.044373	49.318496
 178	8.9000e-002	69.107056	49.056925
 179	8.9500e-002	66.116333	48.823888
 180	9.0000e-002	63.034058	48.564354
 181	9.0500e-002	59.944153	48.287836
 182	9.1000e-002	57.090759	48.016073
 183	9.1500e-002	54.008484	47.723928
 184	9.2000e-002	51.223755	47.440615
 185	9.2500e-002	48.171997	47.144394
 186	9.3000e-002	45.051575	46.840019
 187	9.3500e-002	41.976929	46.504392
 188	9.4000e-002	39.207458	46.187789
 189	9.4500e-002	36.262512	45.828382
 190	9.5000e-002	33.119202	45.455388
 191	9.5500e-002	30.029297	45.066767
 192	9.6000e-002	27.191162	44.614282
 193	9.6500e-002	24.139404	44.182179
 194	9.7000e-002	21.072388	43.708632
 195	9.7500e-002	18.226624	43.192283
 196	9.8000e-002	15.205383	42.652154
 197	9.8500e-002	12.084961	42.043406
 198	9.9000e-002	9.178162	41.383702
 199	9.9500e-002	6.195068	40.687309
 200	1.0000e-001	3.318787	39.952870
 201	1.0050e-001	0.068665	39.151170
 202	1.0100e-001	-2.540588	38.295797
 203	1.0150e-001	-5.584717	37.396941
 204	1.0200e-001	-8.796692	36.459359
 205	1.0250e-001	-11.657715	35.451119
 206	1.0300e-001	-14.572144	34.390565
 207	1.0350e-001	-17.532349	33.290605
 208	1.0400e-001	-20.584106	32.128139
 209	1.0450e-001	-23.490906	30.909963
 210	1.0500e-001	-26.466370	29.581043
 211	1.0550e-001	-29.411316	28.252122
 212	1.0600e-001	-32.356262	26.813138
 213	1.0650e-001	-35.461426	25.271564
 214	1.0700e-001	-38.307190	23.645743
 215	1.0750e-001	-41.427612	21.966928
 216	1.0800e-001	-44.326782	20.192996
 217	1.0850e-001	-47.386169	18.355200
 218	1.0900e-001	-50.407410	16.445387
 219	1.0950e-001	-53.344727	14.447251
 220	1.1000e-001	-56.396484	12.372342
 221	1.1050e-001	-59.394836	10.249195
 222	1.1100e-001	-62.347412	8.081207
 223	1.1150e-001	-65.299988	5.890799
 224	1.1200e-001	-68.313599	3.684085
 225	1.1250e-001	-71.220398	1.482806
 226	1.1300e-001	-74.325562	-0.668876
 227	1.1350e-001	-77.209473	-2.783191
 228	1.1400e-001	-80.108643	-4.804427
 229	1.1450e-001	-83.290100	-6.715599
 230	1.1500e-001	-86.593628	-8.526219
 231	1.1550e-001	-89.523315	-10.210469
 232	1.1600e-001	-92.552185	-11.766990
 233	1.1650e-001	-95.329285	-13.249456
 234	1.1700e-001	-98.335266	-14.712220
 235	1.1750e-001	-101.600647	-16.124027
 236	1.1800e-001	-104.515076	-17.556217
 237	1.1850e-001	-107.841492	-18.983652
 238	1.1900e-001	-110.527039	-20.433506
 239	1.1950e-001	-113.647461	-21.886078
 240	1.2000e-001	-116.714478	-23.373980
 241	1.2050e-001	-119.590759	-24.860522
 242	1.2100e-001	-122.306824	-26.349103
 243	1.2150e-001	-125.564575	-27.884563
 244	1.2200e-001	-128.463745	-29.444482
 245	1.2250e-001	-131.591797	-30.996247
 246	1.2300e-001	-134.445190	-32.537143
 247	1.2350e-001	-137.489319	-34.050861
 248	1.2400e-001	-140.426636	-35.578168
 249	1.2450e-001	-143.684387	-37.096643
 250	1.2500e-001	-146.545410	-38.591339
 251	1.2550e-001	-149.734497	-40.043911
 252	1.2600e-001	-152.587891	-41.469307
 253	1.2650e-001	-155.540466	-42.870244
 254	1.2700e-001	-158.538818	-44.227020
 255	1.2750e-001	-161.689758	-45.538276
 256	1.2800e-001	-164.756775	-46.785667
 257	1.2850e-001	-167.556763	-47.985500
 258	1.2900e-001	-170.700073	-49.130980
 259	1.2950e-001	-173.446655	-50.203764
 260	1.3000e-001	-176.612854	-51.225592
 261	1.3050e-001	-179.786682	-52.129203
 262	1.3100e-001	-182.785034	-52.943133
 263	1.3150e-001	-185.729980	-53.645640
 264	1.3200e-001	-188.621521	-54.267297
 265	1.3250e-001	-191.505432	-54.797235
 266	1.3300e-001	-194.976807	-55.235452
 267	1.3350e-001	-197.837830	-55.626791
 268	1.3400e-001	-200.988770	-55.984838
 269	1.3450e-001	-203.994751	-56.275624
 270	1.3500e-001	-206.855774	-56.596304
 271	1.3550e-001	-210.037231	-56.836135
 272	1.3600e-001	-212.997437	-57.049469
 273	1.3650e-001	-215.774536	-57.294735
 274	1.3700e-001	-218.719482	-57.521657
 275	1.3750e-001	-221.870422	-57.748579
 276	1.3800e-001	-225.059509	-57.964630
 277	1.3850e-001	-227.981567	-58.159620
 278	1.3900e-001	-230.987549	-58.358686
 279	1.3950e-001	-233.802795	-58.540767
 280	1.4000e-001	-236.885071	-58.745948
 281	1.4050e-001	-240.158081	-58.934823
 282	1.4100e-001	-243.087769	-59.123699
 283	1.4150e-001	-246.192932	-59.314612
 284	1.4200e-001	-249.107361	-59.489899
 285	1.4250e-001	-251.922607	-59.693042
 286	1.4300e-001	-254.714966	-59.866290
 287	1.4350e-001	-258.026123	-60.027989
 288	1.4400e-001	-261.016846	-60.210750
 289	1.4450e-001	-263.870239	-60.397587
 290	1.4500e-001	-266.960144	-60.572874
 291	1.4550e-001	-269.927979	-60.740687
 292	1.4600e-001	-272.865295	-60.910539
 293	1.4650e-001	-276.000977	-61.083108
 294	1.4700e-001	-278.938293	-61.240051
 295	1.4750e-001	-282.035828	-61.409224
 296	1.4800e-001	-284.851074	-61.589267
 297	1.4850e-001	-287.979126	-61.753683
 298	1.4900e-001	-291.107178	-61.918100
 299	1.4950e-001	-293.960571	-62.077760
 300	1.5000e-001	-296.943665	-62.253047
 301	1.5050e-001	-300.025940	-62.421540
 302	1.5100e-001	-297.027588	-62.340011
 303	1.5150e-001	-293.853760	-62.255086
 304	1.5200e-001	-290.893555	-62.125998
 305	1.5250e-001	-287.857056	-62.011178
 306	1.5300e-001	-285.133362	-61.914023
 307	1.5350e-001	-281.921387	-61.781539
 308	1.5400e-001	-279.052734	-61.647696
 309	1.5450e-001	-276.092529	-61.551899
 310	1.5500e-001	-273.155212	-61.418736
 311	1.5550e-001	-269.897461	-61.276739
 312	1.5600e-001	-267.204285	-61.162599
 313	1.5650e-001	-264.076233	-61.041665
 314	1.5700e-001	-261.199951	-60.915974
 315	1.5750e-001	-258.186340	-60.778055
 316	1.5800e-001	-255.020142	-60.666632
 317	1.5850e-001	-252.326965	-60.516483
 318	1.5900e-001	-249.160767	-60.382640
 319	1.5950e-001	-245.956421	-60.268499
 320	1.6000e-001	-242.996216	-60.126503
 321	1.6050e-001	-239.952087	-60.004210
 322	1.6100e-001	-236.923218	-59.866970
 323	1.6150e-001	-234.100342	-59.729050
 324	1.6200e-001	-230.949402	-59.576184
 325	1.6250e-001	-227.844238	-59.451852
 326	1.6300e-001	-225.028992	-59.296947
 327	1.6350e-001	-222.068787	-59.183486
 328	1.6400e-001	-219.039917	-59.019070
 329	1.6450e-001	-215.736389	-58.875036
 330	1.6500e-001	-212.753296	-58.738475
 331	1.6550e-001	-210.014343	-58.618899
 332	1.6600e-001	-206.855774	-58.450406
 333	1.6650e-001	-203.834534	-58.288707
 334	1.6700e-001	-200.904846	-58.138558
 335	1.6750e-001	-197.906494	-58.003356
 336	1.6800e-001	-194.953918	-57.862040
 337	1.6850e-001	-192.123413	-57.688791
 338	1.6900e-001	-188.812256	-57.531168
 339	1.6950e-001	-185.874939	-57.376264
 340	1.7000e-001	-182.838440	-57.225435
 341	1.7050e-001	-179.870605	-57.075966
 342	1.7100e-001	-176.887512	-56.931252
 343	1.7150e-001	-173.904419	-56.772271
 344	1.7200e-001	-170.768738	-56.586793
 345	1.7250e-001	-167.816162	-56.447514
 346	1.7300e-001	-164.817810	-56.300762
 347	1.7350e-001	-162.223816	-56.126834
 348	1.7400e-001	-159.133911	-55.967853
 349	1.7450e-001	-156.089783	-55.771504
 350	1.7500e-001	-153.015137	-55.630188
 351	1.7550e-001	-149.902344	-55.457618
 352	1.7600e-001	-146.827698	-55.302034
 353	1.7650e-001	-144.012451	-55.109762
 354	1.7700e-001	-140.983582	-54.939910
 355	1.7750e-001	-137.954712	-54.770058
 356	1.7800e-001	-134.780884	-54.584580
 357	1.7850e-001	-131.996155	-54.414728
 358	1.7900e-001	-128.997803	-54.250991
 359	1.7950e-001	-126.075745	-54.062116
 360	1.8000e-001	-123.085022	-53.878676
 361	1.8050e-001	-120.056152	-53.706107
 362	1.8100e-001	-116.874695	-53.488017
 363	1.8150e-001	-113.845825	-53.304577
 364	1.8200e-001	-110.687256	-53.107549
 365	1.8250e-001	-107.948303	-52.920033
 366	1.8300e-001	-104.866028	-52.729799
 367	1.8350e-001	-101.875305	-52.543641
 368	1.8400e-001	-98.899841	-52.333705
 369	1.8450e-001	-96.008301	-52.130562
 370	1.8500e-001	-92.826843	-51.935572
 371	1.8550e-001	-89.988708	-51.711368
 372	1.8600e-001	-86.921692	-51.519775
 373	1.8650e-001	-83.999634	-51.276547
 374	1.8700e-001	-81.024170	-51.076802
 375	1.8750e-001	-77.758789	-50.836971
 376	1.8800e-001	-74.890137	-50.652852
 377	1.8850e-001	-72.219849	-50.401471
 378	1.8900e-001	-68.801880	-50.148732
 379	1.8950e-001	-65.963745	-49.903466
 380	1.9000e-001	-62.850952	-49.652765
 381	1.9050e-001	-59.997559	-49.425163
 382	1.9100e-001	-56.968689	-49.175141
 383	1.9150e-001	-53.871155	-48.895905
 384	1.9200e-001	-51.055908	-48.618028
 385	1.9250e-001	-47.897339	-48.326562
 386	1.9300e-001	-44.982910	-48.015394
 387	1.9350e-001	-41.999817	-47.704905
 388	1.9400e-001	-39.093018	-47.391698
 389	1.9450e-001	-35.881042	-47.051994
 390	1.9500e-001	-32.958984	-46.689191
 391	1.9550e-001	-30.029297	-46.315517
 392	1.9600e-001	-26.939392	-45.893605
 393	1.9650e-001	-24.261475	-45.447235
 394	1.9700e-001	-20.980835	-44.988635
 395	1.9750e-001	-18.127441	-44.480439
 396	1.9800e-001	-15.235901	-43.957295
 397	1.9850e-001	-12.046814	-43.384555
 398	1.9900e-001	-9.208679	-42.781242
 399	1.9950e-001	-6.134033	-42.107270
 400	2.0000e-001	-3.417969	-41.416992
 401	2.0050e-001	-0.305176	-40.664889
 402	2.0100e-001	3.166199	-39.866586
 403	2.0150e-001	5.607605	-39.026839
 404	2.0200e-001	8.743286	-38.127304
 405	2.0250e-001	11.688232	-37.172057
 406	2.0300e-001	14.518738	-36.165855
 407	2.0350e-001	17.547607	-35.069972
 408	2.0400e-001	20.690918	-33.924492
 409	2.0450e-001	23.719788	-32.716506
 410	2.0500e-001	26.733398	-31.433786
 411	2.0550e-001	29.747009	-30.097392
 412	2.0600e-001	32.752991	-28.679469
 413	2.0650e-001	35.537720	-27.182736
 414	2.0700e-001	38.566589	-25.635046
 415	2.0750e-001	41.549683	-24.023493
 416	2.0800e-001	44.738770	-22.363702
 417	2.0850e-001	47.508240	-20.676734
 418	2.0900e-001	50.621033	-18.967346
 419	2.0950e-001	53.787231	-17.217873
 420	2.1000e-001	56.602478	-15.500332
 421	2.1050e-001	59.440613	-13.787547
 422	2.1100e-001	62.370300	-12.055738
 423	2.1150e-001	65.780640	-10.309662
 424	2.1200e-001	68.527222	-8.523501
 425	2.1250e-001	71.502686	-6.767234
 426	2.1300e-001	74.859619	-4.945743
 427	2.1350e-001	77.590942	-3.137841
 428	2.1400e-001	80.261230	-1.310236
 429	2.1450e-001	83.412170	0.524163
 430	2.1500e-001	86.418152	2.353806
 431	2.1550e-001	89.469910	4.114829
 432	2.1600e-001	92.666626	5.872455
 433	2.1650e-001	95.634460	7.558743
 434	2.1700e-001	98.449707	9.229405
 435	2.1750e-001	101.615906	10.854546
 436	2.1800e-001	104.789734	12.432809
 437	2.1850e-001	107.559204	14.008354
 438	2.1900e-001	110.710144	15.585258
 439	2.1950e-001	113.433838	17.179826
 440	2.2000e-001	116.653442	18.802250
 441	2.2050e-001	119.384766	20.447094
 442	2.2100e-001	122.764587	22.153085
 443	2.2150e-001	125.297546	23.878779
 444	2.2200e-001	128.402710	25.646596
 445	2.2250e-001	131.629944	27.451781
 446	2.2300e-001	134.422302	29.294333
 447	2.2350e-001	137.237549	31.163382
 448	2.2400e-001	140.365601	33.063683
 449	2.2450e-001	143.630981	34.974176
 450	2.2500e-001	146.385193	36.911165
 451	2.2550e-001	149.406433	38.830490
 452	2.2600e-001	152.496338	40.748456
 453	2.2650e-001	155.723572	42.656231
 454	2.2700e-001	158.599854	44.490630
 455	2.2750e-001	161.499023	46.253691
 456	2.2800e-001	164.520264	47.872039
 457	2.2850e-001	167.755127	49.354505
 458	2.2900e-001	170.616150	50.654210
 459	2.2950e-001	173.606873	51.756888
 460	2.3000e-001	176.956177	52.657782
 461	2.3050e-001	179.954529	53.381350
 462	2.3100e-001	183.006287	53.950693
 463	2.3150e-001	186.134338	54.386193
 464	2.3200e-001	188.957214	54.755111
 465	2.3250e-001	191.932678	55.073753
 466	2.3300e-001	195.259094	55.307469
 467	2.3350e-001	197.875977	55.570400
 468	2.3400e-001	200.798035	55.808192
 469	2.3450e-001	204.124451	56.032397
 470	2.3500e-001	206.954956	56.268151
 471	2.3550e-001	210.197449	56.494393
 472	2.3600e-001	213.088989	56.692101
 473	2.3650e-001	215.950012	56.896602
 474	2.3700e-001	218.818665	57.085477
 475	2.3750e-001	221.931458	57.304926
 476	2.3800e-001	224.838257	57.508069
 477	2.3850e-001	227.943420	57.703058
 478	2.3900e-001	231.071472	57.887178
 479	2.3950e-001	233.985901	58.059747
 480	2.4000e-001	236.953735	58.247263
 481	2.4050e-001	240.188599	58.413718
 482	2.4100e-001	242.942810	58.618899
 483	2.4150e-001	246.009827	58.803698
 484	2.4200e-001	248.931885	59.000726
 485	2.4250e-001	252.128601	59.188922
 486	2.4300e-001	254.737854	59.352659
 487	2.4350e-001	257.804871	59.528625
 488	2.4400e-001	260.917664	59.727012
 489	2.4450e-001	263.870239	59.886673
 490	2.4500e-001	266.891479	60.075548
 491	2.4550e-001	270.004272	60.248797
 492	2.4600e-001	272.956848	60.410495
 493	2.4650e-001	275.962830	60.576271
 494	2.4700e-001	278.984070	60.773299
 495	2.4750e-001	282.234192	60.934998
 496	2.4800e-001	285.003662	61.090582
 497	2.4850e-001	287.879944	61.229860
 498	2.4900e-001	291.000366	61.432324
 499	2.4950e-001	293.983459	61.594023
 500	2.5000e-001	297.103882	61.790371
 501	2.5050e-001	299.957275	61.951391
 502	2.5100e-001	297.042847	61.864427
 503	2.5150e-001	293.952942	61.755721
 504	2.5200e-001	290.885925	61.648375
 505	2.5250e-001	288.017273	61.543067
 506	2.5300e-001	284.980774	61.409224
 507	2.5350e-001	281.768799	61.304595
 508	2.5400e-001	279.029846	61.165317
 509	2.5450e-001	276.206970	61.049138
 510	2.5500e-001	272.911072	60.917333
 511	2.5550e-001	270.309448	60.803872
 512	2.5600e-001	267.150879	60.667311
 513	2.5650e-001	263.877869	60.540942
 514	2.5700e-001	260.826111	60.415931
 515	2.5750e-001	258.163452	60.291599
 516	2.5800e-001	255.256653	60.189009
 517	2.5850e-001	252.250671	60.038860
 518	2.5900e-001	249.114990	59.907734
 519	2.5950e-001	246.131897	59.758265
 520	2.6000e-001	242.973328	59.618986
 521	2.6050e-001	239.952087	59.491937
 522	2.6100e-001	236.930847	59.370323
 523	2.6150e-001	233.879089	59.214060
 524	2.6200e-001	231.094360	59.091087
 525	2.6250e-001	228.004456	58.959282
 526	2.6300e-001	225.135803	58.802339
 527	2.6350e-001	221.984863	58.652190
 528	2.6400e-001	219.001770	58.516988
 529	2.6450e-001	216.087341	58.363442
 530	2.6500e-001	213.249207	58.235034
 531	2.6550e-001	210.136414	58.095076
 532	2.6600e-001	207.145691	57.934736
 533	2.6650e-001	204.063416	57.789343
 534	2.6700e-001	201.225281	57.648026
 535	2.6750e-001	198.318481	57.501954
 536	2.6800e-001	195.152283	57.337537
 537	2.6850e-001	191.909790	57.181953
 538	2.6900e-001	188.896179	57.025010
 539	2.6950e-001	186.103821	56.864670
 540	2.7000e-001	182.945251	56.727430
 541	2.7050e-001	179.771423	56.574563
 542	2.7100e-001	177.062988	56.388406
 543	2.7150e-001	174.049377	56.211760
 544	2.7200e-001	171.058655	56.061611
 545	2.7250e-001	168.090820	55.919615
 546	2.7300e-001	164.863586	55.757916
 547	2.7350e-001	161.956787	55.590103
 548	2.7400e-001	159.049988	55.395792
 549	2.7450e-001	156.318665	55.221864
 550	2.7500e-001	153.053284	55.048615
 551	2.7550e-001	150.123596	54.897787
 552	2.7600e-001	147.056580	54.736767
 553	2.7650e-001	143.775940	54.558083
 554	2.7700e-001	140.830994	54.357658
 555	2.7750e-001	138.038635	54.185768
 556	2.7800e-001	134.757996	54.035619
 557	2.7850e-001	132.026672	53.848103
 558	2.7900e-001	129.035950	53.641563
 559	2.7950e-001	126.220703	53.471711
 560	2.8000e-001	122.985840	53.274004
 561	2.8050e-001	120.018005	53.090564
 562	2.8100e-001	117.004395	52.912559
 563	2.8150e-001	113.967896	52.733875
 564	2.8200e-001	110.870361	52.532771
 565	2.8250e-001	107.978821	52.323514
 566	2.8300e-001	105.026245	52.127844
 567	2.8350e-001	101.997375	51.915190
 568	2.8400e-001	99.044800	51.709330
 569	2.8450e-001	96.130371	51.500072
 570	2.8500e-001	92.979431	51.303724
 571	2.8550e-001	89.889526	51.082916
 572	2.8600e-001	87.234497	50.849200
 573	2.8650e-001	84.098816	50.650134
 574	2.8700e-001	81.108093	50.410303
 575	2.8750e-001	78.048706	50.196970
 576	2.8800e-001	75.088501	49.976162
 577	2.8850e-001	72.067261	49.715949
 578	2.8900e-001	69.107056	49.465248
 579	2.8950e-001	65.948486	49.228135
 580	2.9000e-001	63.125610	48.967243
 581	2.9050e-001	60.012817	48.709748
 582	2.9100e-001	56.953430	48.452932
 583	2.9150e-001	54.100037	48.165543
 584	2.9200e-001	51.094055	47.894459
 585	2.9250e-001	48.240662	47.590085
 586	2.9300e-001	45.082092	47.302016
 587	2.9350e-001	41.992188	46.960274
 588	2.9400e-001	38.963318	46.623968
 589	2.9450e-001	35.964966	46.274073
 590	2.9500e-001	33.088684	45.893605
 591	2.9550e-001	30.197144	45.526726
 592	2.9600e-001	27.076721	45.106173
 593	2.9650e-001	24.192810	44.665917
 594	2.9700e-001	20.965576	44.170629
 595	2.9750e-001	18.020630	43.652242
 596	2.9800e-001	15.106201	43.106678
 597	2.9850e-001	12.069702	42.515594
 598	2.9900e-001	9.353638	41.891219
 599	2.9950e-001	6.179810	41.202979
 600	3.0000e-001	2.998352	40.476693
 601	3.0050e-001	0.061035	39.712360
 602	3.0100e-001	-2.738953	38.844078
 603	3.0150e-001	-5.798340	37.974437
 604	3.0200e-001	-8.583069	37.013755
 605	3.0250e-001	-11.688232	36.021821
 606	3.0300e-001	-14.602661	34.968061
 607	3.0350e-001	-17.417908	33.871498
 608	3.0400e-001	-20.317078	32.714468
 609	3.0450e-001	-23.353577	31.501726
 610	3.0500e-001	-26.542664	30.208135
 611	3.0550e-001	-29.342651	28.856115
 612	3.0600e-001	-32.455444	27.425284
 613	3.0650e-001	-35.591125	25.921756
 614	3.0700e-001	-38.520813	24.321753
 615	3.0750e-001	-41.473389	22.683702
 616	3.0800e-001	-44.532776	20.893465
 617	3.0850e-001	-47.485352	19.060425
 618	3.0900e-001	-50.468445	17.128870
 619	3.0950e-001	-53.382874	15.131414
 620	3.1000e-001	-56.388855	13.093872
 621	3.1050e-001	-59.623718	10.982275
 622	3.1100e-001	-62.339783	8.850975
 623	3.1150e-001	-65.147400	6.637467
 624	3.1200e-001	-68.267822	4.411730
 625	3.1250e-001	-71.281433	2.222001
 626	3.1300e-001	-74.432373	0.040425
 627	3.1350e-001	-77.163696	-2.073211
 628	3.1400e-001	-80.619812	-4.140646
 629	3.1450e-001	-83.496094	-6.071521
 630	3.1500e-001	-86.402893	-7.901844
 631	3.1550e-001	-89.515686	-9.594246
 632	3.1600e-001	-92.506409	-11.188815
 633	3.1650e-001	-95.520020	-12.717481
 634	3.1700e-001	-98.464966	-14.212855
 635	3.1750e-001	-101.631165	-15.660672
 636	3.1800e-001	-104.721069	-17.108488
 637	3.1850e-001	-107.368469	-18.571252
 638	3.1900e-001	-110.610962	-20.044885
 639	3.1950e-001	-113.685608	-21.534825
 640	3.2000e-001	-116.455078	-23.036994
 641	3.2050e-001	-119.560242	-24.554789
 642	3.2100e-001	-122.482300	-26.111311
 643	3.2150e-001	-125.320435	-27.642694
 644	3.2200e-001	-128.334045	-29.220957
 645	3.2250e-001	-131.385803	-30.806013
 646	3.2300e-001	-134.521484	-32.378841
 647	3.2350e-001	-137.504578	-33.961180
 648	3.2400e-001	-140.472412	-35.516342
 649	3.2450e-001	-143.363953	-37.069467
 650	3.2500e-001	-146.713257	-38.608324
 651	3.2550e-001	-149.406433	-40.076522
 652	3.2600e-001	-152.565002	-41.537927
 653	3.2650e-001	-155.563354	-42.952452
 654	3.2700e-001	-158.729553	-44.356787
 655	3.2750e-001	-161.506653	-45.653095
 656	3.2800e-001	-164.588928	-46.945327
 657	3.2850e-001	-167.724609	-48.153313
 658	3.2900e-001	-170.646667	-49.282488
 659	3.2950e-001	-173.744202	-50.321301
 660	3.3000e-001	-176.589966	-51.305082
 661	3.3050e-001	-179.626465	-52.131921
 662	3.3100e-001	-182.769775	-52.911880
 663	3.3150e-001	-185.768127	-53.583814
 664	3.3200e-001	-188.690186	-54.127339
 665	3.3250e-001	-191.917419	-54.602245
 666	3.3300e-001	-194.854736	-55.024157
 667	3.3350e-001	-197.914124	-55.356387
 668	3.3400e-001	-200.889587	-55.656005
 669	3.3450e-001	-204.055786	-55.947471
 670	3.3500e-001	-206.794739	-56.214478
 671	3.3550e-001	-209.838867	-56.440041
 672	3.3600e-001	-212.875366	-56.690742
 673	3.3650e-001	-215.751648	-56.901358
 674	3.3700e-001	-219.100952	-57.121486
 675	3.3750e-001	-222.000122	-57.332782
 676	3.3800e-001	-224.754333	-57.544077
 677	3.3850e-001	-227.897644	-57.732273
 678	3.3900e-001	-230.857849	-57.932019
 679	3.3950e-001	-233.909607	-58.150108
 680	3.4000e-001	-236.968994	-58.340342
 681	3.4050e-001	-239.852905	-58.510873
 682	3.4100e-001	-242.851257	-58.695672
 683	3.4150e-001	-245.925903	-58.904929
 684	3.4200e-001	-248.886108	-59.065270
 685	3.4250e-001	-251.884460	-59.252786
 686	3.4300e-001	-254.928589	-59.442340
 687	3.4350e-001	-258.117676	-59.615589
 688	3.4400e-001	-261.039734	-59.781365
 689	3.4450e-001	-264.144897	-59.956652
 690	3.4500e-001	-266.944885	-60.111556
 691	3.4550e-001	-269.958496	-60.297034
 692	3.4600e-001	-272.987366	-60.459413
 693	3.4650e-001	-276.283264	-60.632662
 694	3.4700e-001	-278.930664	-60.812704
 695	3.4750e-001	-281.974792	-60.977121
 696	3.4800e-001	-284.950256	-61.150370
 697	3.4850e-001	-287.864685	-61.297122
 698	3.4900e-001	-290.885925	-61.451347
 699	3.4950e-001	-293.930054	-61.621878
 700	3.5000e-001	-297.080994	-61.782218
 701	3.5050e-001	-299.972534	-61.951391
 702	3.5100e-001	-297.058105	-61.888206
 703	3.5150e-001	-294.120789	-61.800562
 704	3.5200e-001	-291.229248	-61.685063
 705	3.5250e-001	-287.818909	-61.555976
 706	3.5300e-001	-284.767151	-61.447950
 707	3.5350e-001	-282.226563	-61.309351
 708	3.5400e-001	-279.090881	-61.183661
 709	3.5450e-001	-275.939941	-61.093300
 710	3.5500e-001	-273.246765	-60.965571
 711	3.5550e-001	-270.065308	-60.847354
 712	3.5600e-001	-267.135620	-60.703999
 713	3.5650e-001	-263.862610	-60.583744
 714	3.5700e-001	-260.917664	-60.454657
 715	3.5750e-001	-257.919312	-60.346631
 716	3.5800e-001	-255.210876	-60.218223
 717	3.5850e-001	-252.174377	-60.074868
 718	3.5900e-001	-248.908997	-59.955293
 719	3.5950e-001	-246.002197	-59.811938
 720	3.6000e-001	-242.889404	-59.664507
 721	3.6050e-001	-239.959717	-59.530663
 722	3.6100e-001	-237.060547	-59.400897
 723	3.6150e-001	-233.818054	-59.269092
 724	3.6200e-001	-230.834961	-59.141363
 725	3.6250e-001	-227.920532	-58.995970
 726	3.6300e-001	-225.028992	-58.854653
 727	3.6350e-001	-221.763611	-58.722848
 728	3.6400e-001	-218.826294	-58.559111
 729	3.6450e-001	-215.957642	-58.411680
 730	3.6500e-001	-212.974548	-58.273760
 731	3.6550e-001	-209.884644	-58.137200
 732	3.6600e-001	-207.015991	-58.001998
 733	3.6650e-001	-204.101563	-57.854566
 734	3.6700e-001	-201.095581	-57.692867
 735	3.6750e-001	-197.906494	-57.549512
 736	3.6800e-001	-194.847107	-57.388493
 737	3.6850e-001	-191.932678	-57.251932
 738	3.6900e-001	-188.858032	-57.090913
 739	3.6950e-001	-185.867310	-56.954352
 740	3.7000e-001	-182.891846	-56.787897
 741	3.7050e-001	-179.939270	-56.649978
 742	3.7100e-001	-176.841736	-56.493035
 743	3.7150e-001	-173.828125	-56.307556
 744	3.7200e-001	-170.814514	-56.160804
 745	3.7250e-001	-167.945862	-56.018808
 746	3.7300e-001	-164.825439	-55.846239
 747	3.7350e-001	-161.956787	-55.688617
 748	3.7400e-001	-158.897400	-55.533032
 749	3.7450e-001	-156.021118	-55.361142
 750	3.7500e-001	-153.274536	-55.193329
 751	3.7550e-001	-150.070190	-55.024157
 752	3.7600e-001	-147.087097	-54.837999
 753	3.7650e-001	-143.951416	-54.674262
 754	3.7700e-001	-140.899658	-54.522754
 755	3.7750e-001	-138.008118	-54.363773
 756	3.7800e-001	-134.872437	-54.178295
 757	3.7850e-001	-131.828308	-53.986023
 758	3.7900e-001	-128.791809	-53.795109
 759	3.7950e-001	-125.823975	-53.597402
 760	3.8000e-001	-123.161316	-53.438420
 761	3.8050e-001	-119.918823	-53.263133
 762	3.8100e-001	-117.103577	-53.082411
 763	3.8150e-001	-114.006042	-52.892857
 764	3.8200e-001	-110.786438	-52.682240
 765	3.8250e-001	-107.879639	-52.495404
 766	3.8300e-001	-104.988098	-52.297017
 767	3.8350e-001	-101.875305	-52.081645
 768	3.8400e-001	-98.846436	-51.890731
 769	3.8450e-001	-95.672607	-51.678077
 770	3.8500e-001	-92.910767	-51.500072
 771	3.8550e-001	-89.729309	-51.273150
 772	3.8600e-001	-86.769104	-51.073405
 773	3.8650e-001	-83.801270	-50.853956
 774	3.8700e-001	-80.940247	-50.641302
 775	3.8750e-001	-77.865601	-50.423212
 776	3.8800e-001	-74.996948	-50.203764
 777	3.8850e-001	-71.983337	-49.974124
 778	3.8900e-001	-68.992615	-49.727499
 779	3.8950e-001	-65.818787	-49.499219
 780	3.9000e-001	-62.965393	-49.260067
 781	3.9050e-001	-59.852600	-48.993740
 782	3.9100e-001	-56.983948	-48.741680
 783	3.9150e-001	-54.008484	-48.452252
 784	3.9200e-001	-50.964355	-48.196116
 785	3.9250e-001	-47.981262	-47.931147
 786	3.9300e-001	-44.631958	-47.611826
 787	3.9350e-001	-42.015076	-47.312207
 788	3.9400e-001	-38.879395	-46.976580
 789	3.9450e-001	-36.109924	-46.631441
 790	3.9500e-001	-32.882690	-46.262523
 791	3.9550e-001	-29.800415	-45.889529
 792	3.9600e-001	-26.962280	-45.490038
 793	3.9650e-001	-23.910522	-45.057255
 794	3.9700e-001	-20.919800	-44.577594
 795	3.9750e-001	-18.150330	-44.108124
 796	3.9800e-001	-15.113831	-43.574789
 797	3.9850e-001	-12.245178	-43.007484
 798	3.9900e-001	-9.056091	-42.379033
 799	3.9950e-001	-6.080627	-41.712535
 800	4.0000e-001	-3.013611	-41.050792
 801	4.0050e-001	-0.381470	-40.317032

Center data before PMax,±Pr and ±Vc Calc.

PMax (µC/cm2):	6.20e+001
Pr (µC/cm2):	3.97e+001
-Pr (µC/cm2):	-4.03e+001
Vc:	8.25e-001
-Vc:	-7.45e-001
C (Max-Eff) (nF):	1.28e+000
K (Eff):	2.33e+003
Vert. (±Pr) Shift (µC/cm2):	-3.12e-001
Horiz. Shift (±Vc):	4.01e-002
Offset (µC/cm2):	1.86e+001

A (Loop Area - µC/cm2·Volts):	1.63e+002



Hysteresis Version: 5.16.2 - Radiant Technologies, Inc., 1999 - 3/20/18

