»»»»»»»»»»»»»»»»»»»»»»»»»»»»»»»»»»»» Hysteresis ««««««««««««««««««««««««««««««««««««
»»»  Executed Version:	5.16.2
»»»  Vision Version:	5.16.10 (R)
»»»  Vision Compiled:	4/26/18
»»»  Driver Version:	5.16.6
»»»  Windows Version:	Windows 8
»»»  Processor Information:	x86 (AMD or Intel) - 8 Processors
»»»  Tester Name:	PPM21016-863
»»»  Tester S/N:	PPM21016-863
»»»  Internal Amp Type:	 RTI ML200V    
»»»  Internal Amp S/N:	 iAB2-0000     
»»»  Execution Count:	1
»»»»»»»»»»»»»»»»»»»»»»»»»»»»»»»»»»»»»»»»»»««««««««««««««««««««««««««««««««««««««««««

Stored:	7/23/2018 - 17:30:31
Configured:	07/23/18 05:27:40 PM
Executed:	07/23/18 05:30:12 PM

»»»»»»»»»»»»»»»»»»»»»»»»»»»»»»»»»»» Sample Info ««««««««««««««««««««««««««««««««««««
Sample Name:	Internal Reference Cap.
Lot Name:	N/A
Wafer Name:	N/A
Die Row/Column:	0/0
Capacitor Number:	0
Sample Area (cm2):	6.20e-005
Sample Thickness (µm):	1.00e-001

Mux Loop Adjustment:	Disabled

Amplifier:	Internal

»»»»»»»»»»»»»»»»»»»»»»»»»»»»»»»»»»» Tester Info «««««««««««««««««««««««««««««««««««
Tester Name:	PPM21016-863
Tester Serial Number:	PPM21016-863
Return Signal Amp. Level:	2.0 [Index: 1]

»»»»»»»»»»»»»»»»»»»»»»»»»»»»»»»» Hysteresis Info ««««««««««««««««««««««««««««««««««
Task Name:	Hyst-1
Volts:	3.00
Field:	300.00 (kV/cm)
Hysteresis Period (ms):	4.00e-001
Preset:	Enabled
Preset Delay (ms):	1.00e+003
Profile:	Double Bipolar

»»»»»»»»»»»»»»»»»»»»»»»»»»»»»»»»»»»»»» Data «««««««««««««««««««««««««««««««««««««««
Points:	801

Valid Data

Point	Time (ms)	Field (kV/cm)	Measured Polarization
   1	5.0000e-004	-0.068665	-23.058735
   2	1.0000e-003	2.983093	-23.003703
   3	1.5000e-003	5.973816	-22.866463
   4	2.0000e-003	9.078979	-22.737375
   5	2.5000e-003	11.833191	-22.605571
   6	3.0000e-003	14.762878	-22.438436
   7	3.5000e-003	17.906189	-22.235973
   8	4.0000e-003	20.805359	-22.007692
   9	4.5000e-003	23.880005	-21.729135
  10	5.0000e-003	27.061462	-21.375844
  11	5.5000e-003	29.739380	-20.966161
  12	6.0000e-003	32.913208	-20.498729
  13	6.5000e-003	35.728455	-19.935501
  14	7.0000e-003	38.688660	-19.294820
  15	7.5000e-003	41.732788	-18.539319
  16	8.0000e-003	44.776917	-17.705687
  17	8.5000e-003	47.470093	-16.753158
  18	9.0000e-003	50.682068	-15.727254
  19	9.5000e-003	53.413391	-14.583812
  20	1.0000e-002	56.381226	-13.377185
  21	1.0500e-002	59.608459	-12.058456
  22	1.1000e-002	62.461853	-10.664312
  23	1.1500e-002	65.383911	-9.176411
  24	1.2000e-002	68.565369	-7.603584
  25	1.2500e-002	71.388245	-5.974366
  26	1.3000e-002	74.325562	-4.284680
  27	1.3500e-002	77.201843	-2.522299
  28	1.4000e-002	80.352783	-0.733420
  29	1.4500e-002	83.564758	1.044588
  30	1.5000e-002	86.715698	2.824635
  31	1.5500e-002	89.347839	4.571390
  32	1.6000e-002	92.430115	6.239334
  33	1.6500e-002	95.420837	7.831865
  34	1.7000e-002	98.381042	9.304819
  35	1.7500e-002	101.524353	10.705756
  36	1.8000e-002	104.553223	12.046906
  37	1.8500e-002	107.673645	13.337100
  38	1.9000e-002	110.298157	14.623897
  39	1.9500e-002	113.601685	15.925641
  40	2.0000e-002	116.607666	17.230102
  41	2.0500e-002	119.033813	18.550190
  42	2.1000e-002	122.520447	19.898133
  43	2.1500e-002	125.213623	21.294315
  44	2.2000e-002	128.349304	22.665358
  45	2.2500e-002	131.523132	24.066975
  46	2.3000e-002	134.391785	25.531097
  47	2.3500e-002	137.321472	26.987746
  48	2.4000e-002	140.457153	28.467494
  49	2.4500e-002	143.562317	29.966946
  50	2.5000e-002	146.430969	31.452809
  51	2.5500e-002	149.368286	32.945466
  52	2.6000e-002	152.442932	34.419100
  53	2.6500e-002	155.693054	35.856725
  54	2.7000e-002	158.355713	37.280762
  55	2.7500e-002	161.590576	38.666753
  56	2.8000e-002	164.360046	39.968497
  57	2.8500e-002	167.686462	41.219964
  58	2.9000e-002	170.799255	42.404850
  59	2.9500e-002	173.667908	43.468802
  60	3.0000e-002	176.750183	44.475683
  61	3.0500e-002	179.496765	45.365027
  62	3.1000e-002	182.769775	46.114413
  63	3.1500e-002	185.768127	46.776835
  64	3.2000e-002	188.751221	47.289107
  65	3.2500e-002	191.757202	47.756539
  66	3.3000e-002	194.793701	48.170298
  67	3.3500e-002	197.929382	48.489620
  68	3.4000e-002	200.737000	48.775650
  69	3.4500e-002	203.666687	49.073910
  70	3.5000e-002	206.825256	49.319855
  71	3.5500e-002	209.861755	49.557648
  72	3.6000e-002	212.905884	49.801555
  73	3.6500e-002	216.003418	50.035271
  74	3.7000e-002	219.085693	50.209878
  75	3.7500e-002	221.862793	50.451068
  76	3.8000e-002	224.975586	50.634508
  77	3.8500e-002	228.073120	50.795527
  78	3.9000e-002	230.819702	50.996632
  79	3.9500e-002	233.871460	51.146781
  80	4.0000e-002	236.854553	51.326144
  81	4.0500e-002	239.768982	51.511622
  82	4.1000e-002	242.958069	51.669924
  83	4.1500e-002	245.841980	51.806485
  84	4.2000e-002	248.764038	51.987207
  85	4.2500e-002	252.082825	52.115615
  86	4.3000e-002	254.470825	52.257611
  87	4.3500e-002	257.736206	52.412516
  88	4.4000e-002	261.154175	52.571497
  89	4.4500e-002	263.542175	52.693111
  90	4.5000e-002	266.967773	52.828313
  91	4.5500e-002	269.897461	52.973027
  92	4.6000e-002	272.781372	53.073579
  93	4.6500e-002	275.962830	53.218972
  94	4.7000e-002	278.793335	53.333792
  95	4.7500e-002	281.768799	53.472391
  96	4.8000e-002	284.904480	53.597402
  97	4.8500e-002	287.826538	53.715619
  98	4.9000e-002	290.763855	53.804621
  99	4.9500e-002	293.724060	53.955449
 100	5.0000e-002	296.897888	54.043093
 101	5.0500e-002	299.751282	54.159271
 102	5.1000e-002	297.027588	54.170142
 103	5.1500e-002	294.021606	54.094728
 104	5.2000e-002	290.779114	54.043772
 105	5.2500e-002	287.933350	53.991458
 106	5.3000e-002	284.843445	53.888867
 107	5.3500e-002	282.127380	53.828400
 108	5.4000e-002	278.800964	53.780842
 109	5.4500e-002	276.260376	53.668060
 110	5.5000e-002	272.605896	53.589928
 111	5.5500e-002	270.088196	53.556637
 112	5.6000e-002	266.914368	53.433665
 113	5.6500e-002	263.908386	53.370480
 114	5.7000e-002	260.978699	53.297104
 115	5.7500e-002	257.949829	53.178208
 116	5.8000e-002	254.981995	53.112305
 117	5.8500e-002	252.319336	53.040967
 118	5.9000e-002	248.901367	52.945850
 119	5.9500e-002	245.956421	52.867039
 120	6.0000e-002	243.255615	52.788228
 121	6.0500e-002	239.898682	52.701943
 122	6.1000e-002	236.991882	52.606147
 123	6.1500e-002	234.214783	52.520542
 124	6.2000e-002	230.667114	52.406401
 125	6.2500e-002	228.126526	52.320117
 126	6.3000e-002	225.059509	52.235870
 127	6.3500e-002	222.045898	52.109500
 128	6.4000e-002	218.917847	52.026613
 129	6.4500e-002	215.950012	51.949840
 130	6.5000e-002	213.050842	51.834340
 131	6.5500e-002	209.991455	51.713406
 132	6.6000e-002	207.183838	51.637312
 133	6.6500e-002	204.017639	51.523172
 134	6.7000e-002	201.248169	51.420582
 135	6.7500e-002	197.929382	51.330220
 136	6.8000e-002	195.243835	51.212683
 137	6.8500e-002	191.909790	51.112131
 138	6.9000e-002	188.926697	51.025167
 139	6.9500e-002	186.149597	50.885209
 140	7.0000e-002	183.052063	50.786015
 141	7.0500e-002	179.840088	50.671196
 142	7.1000e-002	177.047729	50.548902
 143	7.1500e-002	173.965454	50.459900
 144	7.2000e-002	170.913696	50.319942
 145	7.2500e-002	168.426514	50.203084
 146	7.3000e-002	164.901733	50.075356
 147	7.3500e-002	162.033081	49.969368
 148	7.4000e-002	158.905029	49.836204
 149	7.4500e-002	155.906677	49.715949
 150	7.5000e-002	152.847290	49.598412
 151	7.5500e-002	149.940491	49.469325
 152	7.6000e-002	146.873474	49.362658
 153	7.6500e-002	144.058228	49.217944
 154	7.7000e-002	140.724182	49.090215
 155	7.7500e-002	138.114929	48.965884
 156	7.8000e-002	135.055542	48.809620
 157	7.8500e-002	131.919861	48.669663
 158	7.9000e-002	128.799438	48.535140
 159	7.9500e-002	125.984192	48.370723
 160	8.0000e-002	123.100281	48.224651
 161	8.0500e-002	119.972229	48.101678
 162	8.1000e-002	116.912842	47.925032
 163	8.1500e-002	113.990784	47.769448
 164	8.2000e-002	110.923767	47.618620
 165	8.2500e-002	107.849121	47.439936
 166	8.3000e-002	104.934692	47.291146
 167	8.3500e-002	102.066040	47.130126
 168	8.4000e-002	99.060059	46.934457
 169	8.4500e-002	95.817566	46.783629
 170	8.5000e-002	92.987061	46.583204
 171	8.5500e-002	90.042114	46.380740
 172	8.6000e-002	86.914063	46.175559
 173	8.6500e-002	84.114075	45.989402
 174	8.7000e-002	81.192017	45.774030
 175	8.7500e-002	77.857971	45.585155
 176	8.8000e-002	74.821472	45.373859
 177	8.8500e-002	72.090149	45.144899
 178	8.9000e-002	68.931580	44.928168
 179	8.9500e-002	66.055298	44.679505
 180	9.0000e-002	63.133240	44.443071
 181	9.0500e-002	60.050964	44.194408
 182	9.1000e-002	57.266235	43.911096
 183	9.1500e-002	54.084778	43.662433
 184	9.2000e-002	51.017761	43.387952
 185	9.2500e-002	47.760010	43.089693
 186	9.3000e-002	45.005798	42.783959
 187	9.3500e-002	41.976929	42.463959
 188	9.4000e-002	39.184570	42.090964
 189	9.4500e-002	36.087036	41.736993
 190	9.5000e-002	33.042908	41.361960
 191	9.5500e-002	29.968262	40.931216
 192	9.6000e-002	27.061462	40.497075
 193	9.6500e-002	24.032593	40.050705
 194	9.7000e-002	21.125793	39.543188
 195	9.7500e-002	18.066406	39.028197
 196	9.8000e-002	15.220642	38.479916
 197	9.8500e-002	12.176514	37.842632
 198	9.9000e-002	8.918762	37.218257
 199	9.9500e-002	5.928040	36.536132
 200	1.0000e-001	3.211975	35.786746
 201	1.0050e-001	0.144958	35.041437
 202	1.0100e-001	-2.792358	34.205087
 203	1.0150e-001	-5.821228	33.345637
 204	1.0200e-001	-8.819580	32.439308
 205	1.0250e-001	-11.734009	31.492894
 206	1.0300e-001	-14.610291	30.460195
 207	1.0350e-001	-17.593384	29.421382
 208	1.0400e-001	-20.767212	28.272505
 209	1.0450e-001	-23.452759	27.059763
 210	1.0500e-001	-26.763916	25.825960
 211	1.0550e-001	-29.556274	24.505193
 212	1.0600e-001	-32.592773	23.098141
 213	1.0650e-001	-35.820007	21.648286
 214	1.0700e-001	-38.230896	20.130491
 215	1.0750e-001	-41.435242	18.540678
 216	1.0800e-001	-44.502258	16.899231
 217	1.0850e-001	-47.729492	15.207507
 218	1.0900e-001	-50.384521	13.442408
 219	1.0950e-001	-53.344727	11.636544
 220	1.1000e-001	-56.411743	9.796030
 221	1.1050e-001	-59.394836	7.907279
 222	1.1100e-001	-62.332153	6.047062
 223	1.1150e-001	-65.406799	4.149478
 224	1.1200e-001	-68.565369	2.319835
 225	1.1250e-001	-71.510315	0.521445
 226	1.1300e-001	-74.302673	-1.197455
 227	1.1350e-001	-77.621460	-2.838223
 228	1.1400e-001	-80.375671	-4.406974
 229	1.1450e-001	-83.496094	-5.862264
 230	1.1500e-001	-86.784363	-7.300568
 231	1.1550e-001	-89.622498	-8.732079
 232	1.1600e-001	-92.620850	-10.125543
 233	1.1650e-001	-95.672607	-11.551618
 234	1.1700e-001	-98.564148	-12.989243
 235	1.1750e-001	-101.577759	-14.454045
 236	1.1800e-001	-104.423523	-15.933114
 237	1.1850e-001	-107.696533	-17.461100
 238	1.1900e-001	-110.671997	-19.031890
 239	1.1950e-001	-113.433838	-20.675375
 240	1.2000e-001	-116.638184	-22.310028
 241	1.2050e-001	-119.392395	-24.048631
 242	1.2100e-001	-122.398376	-25.794028
 243	1.2150e-001	-125.251770	-27.601250
 244	1.2200e-001	-128.311157	-29.434970
 245	1.2250e-001	-131.500244	-31.296545
 246	1.2300e-001	-134.101868	-33.169670
 247	1.2350e-001	-137.374878	-35.017658
 248	1.2400e-001	-140.312195	-36.836430
 249	1.2450e-001	-143.272400	-38.609683
 250	1.2500e-001	-146.484375	-40.319750
 251	1.2550e-001	-149.246216	-41.982939
 252	1.2600e-001	-152.801514	-43.555086
 253	1.2650e-001	-155.456543	-45.059973
 254	1.2700e-001	-158.729553	-46.465666
 255	1.2750e-001	-161.758423	-47.732081
 256	1.2800e-001	-164.947510	-48.841553
 257	1.2850e-001	-167.793274	-49.730217
 258	1.2900e-001	-170.822144	-50.382448
 259	1.2950e-001	-173.736572	-50.781939
 260	1.3000e-001	-177.001953	-51.054381
 261	1.3050e-001	-179.954529	-51.257524
 262	1.3100e-001	-183.036804	-51.435529
 263	1.3150e-001	-185.775757	-51.590433
 264	1.3200e-001	-189.056396	-51.724277
 265	1.3250e-001	-191.986084	-51.856082
 266	1.3300e-001	-194.831848	-52.004192
 267	1.3350e-001	-198.143005	-52.116974
 268	1.3400e-001	-201.019287	-52.224320
 269	1.3450e-001	-204.307556	-52.377187
 270	1.3500e-001	-206.916809	-52.492007
 271	1.3550e-001	-209.808350	-52.597994
 272	1.3600e-001	-212.814331	-52.701264
 273	1.3650e-001	-215.965271	-52.812687
 274	1.3700e-001	-218.780518	-52.909842
 275	1.3750e-001	-221.870422	-53.005638
 276	1.3800e-001	-225.021362	-53.125893
 277	1.3850e-001	-227.874756	-53.210819
 278	1.3900e-001	-231.040955	-53.333792
 279	1.3950e-001	-234.123230	-53.428909
 280	1.4000e-001	-237.220764	-53.538293
 281	1.4050e-001	-240.135193	-53.630013
 282	1.4100e-001	-242.912292	-53.733963
 283	1.4150e-001	-246.017456	-53.831118
 284	1.4200e-001	-249.160767	-53.920120
 285	1.4250e-001	-252.120972	-54.018634
 286	1.4300e-001	-254.753113	-54.106957
 287	1.4350e-001	-258.026123	-54.208868
 288	1.4400e-001	-261.047363	-54.301947
 289	1.4450e-001	-264.129639	-54.410652
 290	1.4500e-001	-267.105103	-54.460928
 291	1.4550e-001	-270.004272	-54.578465
 292	1.4600e-001	-273.185730	-54.679697
 293	1.4650e-001	-276.092529	-54.770738
 294	1.4700e-001	-279.083252	-54.861099
 295	1.4750e-001	-282.226563	-54.952819
 296	1.4800e-001	-284.957886	-55.038424
 297	1.4850e-001	-288.360596	-55.125388
 298	1.4900e-001	-290.771484	-55.227299
 299	1.4950e-001	-294.174194	-55.283011
 300	1.5000e-001	-296.936035	-55.382204
 301	1.5050e-001	-299.964905	-55.478000
 302	1.5100e-001	-297.119141	-55.442671
 303	1.5150e-001	-293.914795	-55.376769
 304	1.5200e-001	-291.404724	-55.297958
 305	1.5250e-001	-288.047791	-55.224582
 306	1.5300e-001	-285.156250	-55.163435
 307	1.5350e-001	-282.318115	-55.069677
 308	1.5400e-001	-279.037476	-54.996301
 309	1.5450e-001	-276.046753	-54.912734
 310	1.5500e-001	-272.994995	-54.846831
 311	1.5550e-001	-270.233154	-54.761905
 312	1.5600e-001	-267.227173	-54.682415
 313	1.5650e-001	-264.114380	-54.598168
 314	1.5700e-001	-261.108398	-54.513242
 315	1.5750e-001	-258.033752	-54.430355
 316	1.5800e-001	-255.226135	-54.329123
 317	1.5850e-001	-252.220154	-54.244877
 318	1.5900e-001	-249.084473	-54.173539
 319	1.5950e-001	-246.170044	-54.083178
 320	1.6000e-001	-243.202209	-54.007084
 321	1.6050e-001	-239.990234	-53.925555
 322	1.6100e-001	-236.892700	-53.833835
 323	1.6150e-001	-234.069824	-53.741436
 324	1.6200e-001	-231.002808	-53.663984
 325	1.6250e-001	-227.996826	-53.562073
 326	1.6300e-001	-225.021362	-53.485300
 327	1.6350e-001	-221.817017	-53.388144
 328	1.6400e-001	-219.200134	-53.290310
 329	1.6450e-001	-216.156006	-53.180925
 330	1.6500e-001	-212.905884	-53.108908
 331	1.6550e-001	-209.953308	-53.028738
 332	1.6600e-001	-207.038879	-52.917315
 333	1.6650e-001	-203.971863	-52.818122
 334	1.6700e-001	-201.354980	-52.729799
 335	1.6750e-001	-198.249817	-52.628567
 336	1.6800e-001	-194.900513	-52.545680
 337	1.6850e-001	-192.016602	-52.428822
 338	1.6900e-001	-189.155579	-52.342537
 339	1.6950e-001	-186.225891	-52.225000
 340	1.7000e-001	-182.998657	-52.138715
 341	1.7050e-001	-180.206299	-52.021857
 342	1.7100e-001	-177.108765	-51.924702
 343	1.7150e-001	-174.278259	-51.818035
 344	1.7200e-001	-171.356201	-51.713406
 345	1.7250e-001	-167.930603	-51.607419
 346	1.7300e-001	-165.100098	-51.498034
 347	1.7350e-001	-161.804199	-51.372344
 348	1.7400e-001	-158.897400	-51.265677
 349	1.7450e-001	-156.097412	-51.165804
 350	1.7500e-001	-152.862549	-51.063214
 351	1.7550e-001	-150.192261	-50.930729
 352	1.7600e-001	-146.980286	-50.801642
 353	1.7650e-001	-144.042969	-50.688860
 354	1.7700e-001	-141.220093	-50.586270
 355	1.7750e-001	-137.878418	-50.472809
 356	1.7800e-001	-135.139465	-50.357310
 357	1.7850e-001	-131.988525	-50.235696
 358	1.7900e-001	-128.952026	-50.112044
 359	1.7950e-001	-126.129150	-49.977521
 360	1.8000e-001	-123.100281	-49.852510
 361	1.8050e-001	-120.033264	-49.741767
 362	1.8100e-001	-116.996765	-49.612679
 363	1.8150e-001	-114.013672	-49.472722
 364	1.8200e-001	-110.908508	-49.371490
 365	1.8250e-001	-108.390808	-49.253953
 366	1.8300e-001	-105.041504	-49.093613
 367	1.8350e-001	-102.386475	-48.966563
 368	1.8400e-001	-98.823547	-48.856499
 369	1.8450e-001	-96.229553	-48.694121
 370	1.8500e-001	-93.269348	-48.541255
 371	1.8550e-001	-89.881897	-48.431870
 372	1.8600e-001	-87.181091	-48.264736
 373	1.8650e-001	-84.007263	-48.129534
 374	1.8700e-001	-81.069946	-47.992973
 375	1.8750e-001	-78.208923	-47.825160
 376	1.8800e-001	-75.126648	-47.682484
 377	1.8850e-001	-71.983337	-47.522823
 378	1.8900e-001	-69.282532	-47.360445
 379	1.8950e-001	-65.910339	-47.227961
 380	1.9000e-001	-63.018799	-47.056071
 381	1.9050e-001	-60.134888	-46.860402
 382	1.9100e-001	-57.090759	-46.681038
 383	1.9150e-001	-54.008484	-46.519339
 384	1.9200e-001	-51.208496	-46.333182
 385	1.9250e-001	-47.966003	-46.148383
 386	1.9300e-001	-44.944763	-45.947279
 387	1.9350e-001	-42.289734	-45.756365
 388	1.9400e-001	-39.001465	-45.544390
 389	1.9450e-001	-36.239624	-45.330377
 390	1.9500e-001	-32.897949	-45.115684
 391	1.9550e-001	-30.097961	-44.858189
 392	1.9600e-001	-27.214050	-44.593900
 393	1.9650e-001	-24.230957	-44.320099
 394	1.9700e-001	-21.247864	-44.019121
 395	1.9750e-001	-18.234253	-43.679418
 396	1.9800e-001	-15.090942	-43.291476
 397	1.9850e-001	-12.176514	-42.899459
 398	1.9900e-001	-8.941650	-42.441538
 399	1.9950e-001	-6.286621	-41.929945
 400	2.0000e-001	-3.364563	-41.338861
 401	2.0050e-001	-0.396729	-40.714486
 402	2.0100e-001	2.426147	-40.010620
 403	2.0150e-001	5.584717	-39.232019
 404	2.0200e-001	8.605957	-38.331805
 405	2.0250e-001	11.703491	-37.367047
 406	2.0300e-001	14.739990	-36.318043
 407	2.0350e-001	17.539978	-35.180036
 408	2.0400e-001	20.401001	-33.961180
 409	2.0450e-001	23.269653	-32.677100
 410	2.0500e-001	26.702881	-31.284316
 411	2.0550e-001	29.563904	-29.811362
 412	2.0600e-001	32.585144	-28.307834
 413	2.0650e-001	35.308838	-26.775091
 414	2.0700e-001	38.551331	-25.181882
 415	2.0750e-001	41.336060	-23.595467
 416	2.0800e-001	44.433594	-22.067480
 417	2.0850e-001	47.210693	-20.586373
 418	2.0900e-001	50.453186	-19.140595
 419	2.0950e-001	53.329468	-17.680549
 420	2.1000e-001	56.282043	-16.113836
 421	2.1050e-001	59.280396	-14.468992
 422	2.1100e-001	62.164307	-12.769115
 423	2.1150e-001	65.452576	-10.980916
 424	2.1200e-001	68.305969	-9.130211
 425	2.1250e-001	71.395874	-7.212925
 426	2.1300e-001	74.378967	-5.232453
 427	2.1350e-001	77.186584	-3.222088
 428	2.1400e-001	80.146790	-1.183867
 429	2.1450e-001	83.732605	0.844163
 430	2.1500e-001	86.616516	2.864720
 431	2.1550e-001	89.241028	4.818015
 432	2.1600e-001	92.453003	6.674155
 433	2.1650e-001	95.634460	8.403925
 434	2.1700e-001	98.304749	10.014120
 435	2.1750e-001	101.394653	11.513571
 436	2.1800e-001	104.553223	12.950517
 437	2.1850e-001	107.612610	14.355531
 438	2.1900e-001	110.298157	15.744918
 439	2.1950e-001	113.586426	17.113244
 440	2.2000e-001	116.722107	18.520296
 441	2.2050e-001	119.438171	19.936180
 442	2.2100e-001	122.451782	21.362256
 443	2.2150e-001	125.404358	22.795125
 444	2.2200e-001	128.410339	24.283706
 445	2.2250e-001	131.301880	25.770248
 446	2.2300e-001	134.643555	27.270379
 447	2.2350e-001	137.626648	28.788854
 448	2.2400e-001	140.518188	30.313443
 449	2.2450e-001	143.463135	31.833956
 450	2.2500e-001	146.575928	33.353110
 451	2.2550e-001	149.459839	34.874982
 452	2.2600e-001	152.778625	36.360845
 453	2.2650e-001	155.555725	37.802547
 454	2.2700e-001	158.500671	39.189217
 455	2.2750e-001	161.468506	40.533084
 456	2.2800e-001	164.680481	41.782513
 457	2.2850e-001	167.572021	42.947017
 458	2.2900e-001	170.417786	44.044259
 459	2.2950e-001	173.881531	45.010376
 460	2.3000e-001	177.001953	45.858276
 461	2.3050e-001	179.687500	46.628044
 462	2.3100e-001	182.861328	47.240870
 463	2.3150e-001	185.539246	47.774883
 464	2.3200e-001	188.690186	48.256583
 465	2.3250e-001	191.810608	48.605798
 466	2.3300e-001	194.877625	48.957731
 467	2.3350e-001	198.104858	49.275694
 468	2.3400e-001	200.874329	49.530471
 469	2.3450e-001	204.032898	49.795440
 470	2.3500e-001	206.779480	50.023041
 471	2.3550e-001	210.029602	50.254040
 472	2.3600e-001	212.692261	50.470771
 473	2.3650e-001	215.721130	50.694295
 474	2.3700e-001	218.688965	50.881812
 475	2.3750e-001	221.664429	51.077481
 476	2.3800e-001	224.784851	51.277906
 477	2.3850e-001	228.050232	51.447758
 478	2.3900e-001	230.972290	51.633236
 479	2.3950e-001	233.901978	51.826867
 480	2.4000e-001	237.098694	51.968184
 481	2.4050e-001	239.845276	52.147547
 482	2.4100e-001	242.965698	52.323514
 483	2.4150e-001	245.811462	52.453960
 484	2.4200e-001	248.939514	52.621773
 485	2.4250e-001	252.059937	52.761052
 486	2.4300e-001	254.768372	52.915956
 487	2.4350e-001	257.888794	53.059311
 488	2.4400e-001	260.848999	53.189758
 489	2.4450e-001	263.610840	53.326998
 490	2.4500e-001	266.769409	53.458803
 491	2.4550e-001	269.989014	53.581775
 492	2.4600e-001	272.773743	53.693878
 493	2.4650e-001	276.016235	53.834515
 494	2.4700e-001	278.923035	53.968358
 495	2.4750e-001	281.837463	54.087254
 496	2.4800e-001	284.950256	54.217700
 497	2.4850e-001	287.757874	54.340673
 498	2.4900e-001	290.977478	54.436469
 499	2.4950e-001	293.983459	54.556724
 500	2.5000e-001	296.722412	54.666788
 501	2.5050e-001	299.659729	54.776173
 502	2.5100e-001	297.103882	54.776173
 503	2.5150e-001	294.097900	54.707553
 504	2.5200e-001	290.878296	54.642330
 505	2.5250e-001	287.864685	54.587298
 506	2.5300e-001	284.942627	54.500334
 507	2.5350e-001	282.020569	54.432393
 508	2.5400e-001	279.098511	54.369888
 509	2.5450e-001	275.909424	54.307382
 510	2.5500e-001	272.819519	54.212945
 511	2.5550e-001	270.126343	54.144324
 512	2.5600e-001	267.013550	54.047169
 513	2.5650e-001	264.060974	53.977870
 514	2.5700e-001	261.260986	53.890906
 515	2.5750e-001	257.911682	53.827041
 516	2.5800e-001	255.004883	53.740757
 517	2.5850e-001	252.098083	53.627975
 518	2.5900e-001	248.588562	53.585852
 519	2.5950e-001	246.055603	53.488697
 520	2.6000e-001	243.072510	53.393580
 521	2.6050e-001	239.921570	53.307974
 522	2.6100e-001	237.068176	53.225766
 523	2.6150e-001	234.054565	53.122496
 524	2.6200e-001	231.063843	53.048441
 525	2.6250e-001	227.867126	52.949247
 526	2.6300e-001	225.082397	52.835107
 527	2.6350e-001	222.099304	52.767846
 528	2.6400e-001	219.001770	52.642155
 529	2.6450e-001	215.888977	52.526656
 530	2.6500e-001	212.944031	52.460754
 531	2.6550e-001	209.976196	52.348652
 532	2.6600e-001	206.939697	52.244023
 533	2.6650e-001	204.223633	52.166571
 534	2.6700e-001	201.065063	52.063301
 535	2.6750e-001	197.799683	51.947801
 536	2.6800e-001	195.129395	51.856082
 537	2.6850e-001	191.986084	51.743979
 538	2.6900e-001	188.873291	51.637312
 539	2.6950e-001	185.890198	51.526569
 540	2.7000e-001	183.151245	51.430773
 541	2.7050e-001	180.015564	51.315274
 542	2.7100e-001	176.918030	51.207927
 543	2.7150e-001	173.995972	51.089710
 544	2.7200e-001	170.906067	50.960623
 545	2.7250e-001	167.747498	50.860750
 546	2.7300e-001	165.000916	50.730304
 547	2.7350e-001	161.842346	50.599858
 548	2.7400e-001	159.179688	50.506100
 549	2.7450e-001	156.150818	50.353913
 550	2.7500e-001	152.839661	50.237734
 551	2.7550e-001	149.787903	50.105929
 552	2.7600e-001	146.972656	49.978200
 553	2.7650e-001	143.920898	49.848434
 554	2.7700e-001	140.914917	49.723423
 555	2.7750e-001	137.962341	49.577350
 556	2.7800e-001	135.009766	49.444866
 557	2.7850e-001	132.026672	49.322573
 558	2.7900e-001	129.188538	49.165630
 559	2.7950e-001	126.274109	48.997816
 560	2.8000e-001	123.085022	48.867370
 561	2.8050e-001	119.903564	48.708389
 562	2.8100e-001	116.874695	48.554843
 563	2.8150e-001	113.952637	48.412847
 564	2.8200e-001	110.839844	48.235521
 565	2.8250e-001	107.986450	48.069746
 566	2.8300e-001	105.003357	47.916880
 567	2.8350e-001	101.982117	47.716454
 568	2.8400e-001	99.121094	47.552038
 569	2.8450e-001	95.985413	47.392377
 570	2.8500e-001	92.857361	47.183120
 571	2.8550e-001	89.859009	47.001718
 572	2.8600e-001	86.982727	46.820996
 573	2.8650e-001	84.213257	46.612418
 574	2.8700e-001	80.673218	46.417428
 575	2.8750e-001	77.972412	46.224477
 576	2.8800e-001	74.989319	45.990761
 577	2.8850e-001	71.807861	45.781503
 578	2.8900e-001	69.000244	45.547787
 579	2.8950e-001	65.917969	45.302521
 580	2.9000e-001	62.904358	45.059973
 581	2.9050e-001	60.287476	44.800439
 582	2.9100e-001	57.090759	44.547021
 583	2.9150e-001	54.183960	44.271181
 584	2.9200e-001	51.132202	43.998739
 585	2.9250e-001	48.385620	43.711350
 586	2.9300e-001	44.967651	43.409014
 587	2.9350e-001	41.976929	43.089693
 588	2.9400e-001	39.085388	42.734363
 589	2.9450e-001	35.758972	42.382430
 590	2.9500e-001	33.012390	41.985656
 591	2.9550e-001	30.296326	41.584127
 592	2.9600e-001	26.924133	41.164253
 593	2.9650e-001	23.803711	40.699539
 594	2.9700e-001	21.072388	40.196777
 595	2.9750e-001	17.967224	39.679749
 596	2.9800e-001	15.068054	39.100214
 597	2.9850e-001	12.351990	38.507772
 598	2.9900e-001	8.979797	37.913290
 599	2.9950e-001	6.362915	37.208066
 600	3.0000e-001	2.960205	36.524582
 601	3.0050e-001	0.335693	35.750738
 602	3.0100e-001	-2.609253	34.927296
 603	3.0150e-001	-5.378723	34.091626
 604	3.0200e-001	-8.850098	33.199564
 605	3.0250e-001	-11.726379	32.242280
 606	3.0300e-001	-14.648438	31.234040
 607	3.0350e-001	-17.730713	30.169409
 608	3.0400e-001	-20.614624	29.040235
 609	3.0450e-001	-23.803711	27.890678
 610	3.0500e-001	-26.802063	26.645325
 611	3.0550e-001	-29.479980	25.327954
 612	3.0600e-001	-32.684326	23.952835
 613	3.0650e-001	-35.522461	22.494148
 614	3.0700e-001	-38.551331	20.983826
 615	3.0750e-001	-41.618347	19.417793
 616	3.0800e-001	-44.296265	17.789933
 617	3.0850e-001	-47.531128	16.073751
 618	3.0900e-001	-50.529480	14.347378
 619	3.0950e-001	-53.367615	12.558499
 620	3.1000e-001	-56.518555	10.729536
 621	3.1050e-001	-59.463501	8.845540
 622	3.1100e-001	-62.255859	6.977171
 623	3.1150e-001	-65.223694	5.091816
 624	3.1200e-001	-68.565369	3.227523
 625	3.1250e-001	-71.525574	1.427774
 626	3.1300e-001	-74.562073	-0.307432
 627	3.1350e-001	-77.827454	-1.975376
 628	3.1400e-001	-80.497742	-3.553638
 629	3.1450e-001	-83.824158	-5.066678
 630	3.1500e-001	-86.250305	-6.507700
 631	3.1550e-001	-89.591980	-7.915432
 632	3.1600e-001	-92.620850	-9.332675
 633	3.1650e-001	-95.756531	-10.748559
 634	3.1700e-001	-98.571777	-12.179390
 635	3.1750e-001	-101.570129	-13.642154
 636	3.1800e-001	-104.660034	-15.155872
 637	3.1850e-001	-107.681274	-16.687256
 638	3.1900e-001	-110.542297	-18.247854
 639	3.1950e-001	-113.464355	-19.874354
 640	3.2000e-001	-116.439819	-21.540260
 641	3.2050e-001	-119.514465	-23.254404
 642	3.2100e-001	-122.314453	-25.038527
 643	3.2150e-001	-125.595093	-26.837597
 644	3.2200e-001	-128.532410	-28.693058
 645	3.2250e-001	-131.454468	-30.564145
 646	3.2300e-001	-134.628296	-32.434552
 647	3.2350e-001	-137.634277	-34.350480
 648	3.2400e-001	-140.487671	-36.208658
 649	3.2450e-001	-143.577576	-38.015881
 650	3.2500e-001	-146.545410	-39.790492
 651	3.2550e-001	-149.040222	-41.502598
 652	3.2600e-001	-152.503967	-43.135213
 653	3.2650e-001	-155.761719	-44.672032
 654	3.2700e-001	-158.630371	-46.115771
 655	3.2750e-001	-161.636353	-47.395774
 656	3.2800e-001	-164.657593	-48.486223
 657	3.2850e-001	-167.861938	-49.315099
 658	3.2900e-001	-171.035767	-49.901427
 659	3.2950e-001	-174.133301	-50.263551
 660	3.3000e-001	-177.047729	-50.482320
 661	3.3050e-001	-180.076599	-50.677310
 662	3.3100e-001	-183.052063	-50.814551
 663	3.3150e-001	-185.958862	-50.954508
 664	3.3200e-001	-189.277649	-51.091749
 665	3.3250e-001	-191.925049	-51.212683
 666	3.3300e-001	-195.213318	-51.343809
 667	3.3350e-001	-197.692871	-51.462025
 668	3.3400e-001	-200.798035	-51.578204
 669	3.3450e-001	-204.002380	-51.689627
 670	3.3500e-001	-207.000732	-51.822111
 671	3.3550e-001	-209.869385	-51.917908
 672	3.3600e-001	-213.050842	-52.030689
 673	3.3650e-001	-215.972900	-52.133280
 674	3.3700e-001	-218.872070	-52.257611
 675	3.3750e-001	-222.038269	-52.351369
 676	3.3800e-001	-225.097656	-52.430860
 677	3.3850e-001	-228.141785	-52.541603
 678	3.3900e-001	-230.735779	-52.646232
 679	3.3950e-001	-233.795166	-52.770563
 680	3.4000e-001	-236.846924	-52.865680
 681	3.4050e-001	-240.097046	-52.983897
 682	3.4100e-001	-243.148804	-53.060670
 683	3.4150e-001	-246.200562	-53.150352
 684	3.4200e-001	-249.176025	-53.259057
 685	3.4250e-001	-251.884460	-53.356892
 686	3.4300e-001	-254.783630	-53.448612
 687	3.4350e-001	-258.071899	-53.547126
 688	3.4400e-001	-261.169434	-53.629334
 689	3.4450e-001	-263.984680	-53.732604
 690	3.4500e-001	-266.967773	-53.825683
 691	3.4550e-001	-269.958496	-53.930311
 692	3.4600e-001	-273.101807	-53.998252
 693	3.4650e-001	-276.145935	-54.092689
 694	3.4700e-001	-279.197693	-54.184409
 695	3.4750e-001	-281.906128	-54.259144
 696	3.4800e-001	-284.973145	-54.365811
 697	3.4850e-001	-287.933350	-54.439866
 698	3.4900e-001	-291.213989	-54.534304
 699	3.4950e-001	-293.884277	-54.628742
 700	3.5000e-001	-297.027588	-54.708912
 701	3.5050e-001	-299.797058	-54.776173
 702	3.5100e-001	-297.172546	-54.762585
 703	3.5150e-001	-294.189453	-54.710270
 704	3.5200e-001	-291.030884	-54.622627
 705	3.5250e-001	-287.933350	-54.562160
 706	3.5300e-001	-284.675598	-54.463646
 707	3.5350e-001	-281.967163	-54.385514
 708	3.5400e-001	-279.220581	-54.310779
 709	3.5450e-001	-275.901794	-54.227891
 710	3.5500e-001	-273.124695	-54.159271
 711	3.5550e-001	-269.836426	-54.092010
 712	3.5600e-001	-267.021179	-54.043772
 713	3.5650e-001	-263.938904	-53.920799
 714	3.5700e-001	-260.826111	-53.863729
 715	3.5750e-001	-258.262634	-53.774727
 716	3.5800e-001	-255.126953	-53.678931
 717	3.5850e-001	-252.075195	-53.595364
 718	3.5900e-001	-249.397278	-53.518591
 719	3.5950e-001	-246.269226	-53.428229
 720	3.6000e-001	-242.996216	-53.341945
 721	3.6050e-001	-240.142822	-53.261775
 722	3.6100e-001	-237.228394	-53.163940
 723	3.6150e-001	-233.978271	-53.064067
 724	3.6200e-001	-231.140137	-52.981180
 725	3.6250e-001	-228.248596	-52.903727
 726	3.6300e-001	-225.234985	-52.821519
 727	3.6350e-001	-222.023010	-52.739311
 728	3.6400e-001	-219.100952	-52.631285
 729	3.6450e-001	-216.072083	-52.538206
 730	3.6500e-001	-213.012695	-52.448524
 731	3.6550e-001	-209.838867	-52.339819
 732	3.6600e-001	-206.985474	-52.250138
 733	3.6650e-001	-203.941345	-52.146868
 734	3.6700e-001	-201.141357	-52.053789
 735	3.6750e-001	-198.204041	-51.957313
 736	3.6800e-001	-194.969177	-51.867631
 737	3.6850e-001	-191.902161	-51.757567
 738	3.6900e-001	-189.140320	-51.659053
 739	3.6950e-001	-186.187744	-51.557142
 740	3.7000e-001	-183.006287	-51.443681
 741	3.7050e-001	-180.259705	-51.360794
 742	3.7100e-001	-177.253723	-51.277227
 743	3.7150e-001	-174.217224	-51.175316
 744	3.7200e-001	-171.043396	-51.059137
 745	3.7250e-001	-168.006897	-50.937523
 746	3.7300e-001	-164.878845	-50.833574
 747	3.7350e-001	-162.185669	-50.739816
 748	3.7400e-001	-158.996582	-50.619561
 749	3.7450e-001	-156.051636	-50.502023
 750	3.7500e-001	-153.495789	-50.400792
 751	3.7550e-001	-149.810791	-50.291407
 752	3.7600e-001	-147.079468	-50.154167
 753	3.7650e-001	-144.027710	-50.022362
 754	3.7700e-001	-141.326904	-49.923169
 755	3.7750e-001	-138.031006	-49.804952
 756	3.7800e-001	-134.963989	-49.705758
 757	3.7850e-001	-131.988525	-49.571236
 758	3.7900e-001	-129.074097	-49.445545
 759	3.7950e-001	-126.556396	-49.315779
 760	3.8000e-001	-123.184204	-49.211150
 761	3.8050e-001	-120.170593	-49.073910
 762	3.8100e-001	-116.943359	-48.969281
 763	3.8150e-001	-113.960266	-48.827285
 764	3.8200e-001	-110.977173	-48.684609
 765	3.8250e-001	-108.222961	-48.538537
 766	3.8300e-001	-104.980469	-48.410808
 767	3.8350e-001	-102.111816	-48.273568
 768	3.8400e-001	-99.143982	-48.153313
 769	3.8450e-001	-96.160889	-48.009279
 770	3.8500e-001	-92.926025	-47.869321
 771	3.8550e-001	-89.958191	-47.740913
 772	3.8600e-001	-86.868286	-47.588726
 773	3.8650e-001	-83.992004	-47.424309
 774	3.8700e-001	-80.848694	-47.297940
 775	3.8750e-001	-78.308105	-47.139638
 776	3.8800e-001	-75.241089	-46.967069
 777	3.8850e-001	-71.945190	-46.829828
 778	3.8900e-001	-68.992615	-46.671526
 779	3.8950e-001	-66.184998	-46.503034
 780	3.9000e-001	-63.110352	-46.346770
 781	3.9050e-001	-59.883118	-46.193224
 782	3.9100e-001	-57.212830	-46.001631
 783	3.9150e-001	-54.374695	-45.793733
 784	3.9200e-001	-51.261902	-45.630675
 785	3.9250e-001	-47.798157	-45.427532
 786	3.9300e-001	-45.013428	-45.243413
 787	3.9350e-001	-42.304993	-45.042988
 788	3.9400e-001	-39.245605	-44.833051
 789	3.9450e-001	-35.850525	-44.614282
 790	3.9500e-001	-33.409119	-44.388039
 791	3.9550e-001	-30.021667	-44.152965
 792	3.9600e-001	-27.183533	-43.894790
 793	3.9650e-001	-24.230957	-43.626424
 794	3.9700e-001	-21.072388	-43.324767
 795	3.9750e-001	-17.951965	-42.959926
 796	3.9800e-001	-14.984131	-42.614787
 797	3.9850e-001	-12.084961	-42.217334
 798	3.9900e-001	-9.017944	-41.739711
 799	3.9950e-001	-6.004333	-41.234232
 800	4.0000e-001	-3.280640	-40.682553
 801	4.0050e-001	-0.518799	-40.035758

Center data before PMax,±Pr and ±Vc Calc.

PMax (µC/cm2):	5.48e+001
Pr (µC/cm2):	3.57e+001
-Pr (µC/cm2):	-4.00e+001
Vc:	8.22e-001
-Vc:	-7.40e-001
C (Max-Eff) (nF):	1.13e+000
K (Eff):	2.06e+003
Vert. (±Pr) Shift (µC/cm2):	-2.19e+000
Horiz. Shift (±Vc):	4.11e-002
Offset (µC/cm2):	2.31e+001

A (Loop Area - µC/cm2·Volts):	1.49e+002



Hysteresis Version: 5.16.2 - Radiant Technologies, Inc., 1999 - 3/20/18

